wheel station sector hw_phiz hw_phiz1 hw_phiz2 hw_phiz3 hw_dphiz1 hw_dphiz2 hw_dphiz3 hw_db
2 1 2 -0.20517 -0.20517 -0.08319 -0.13781 0.00000 -0.04951 0.06736 -0.06736
1 2 8 0.14723 0.14723 0.25144 0.02056 0.00000 0.18811 -0.12667 0.12667
0 1 7 -0.47838 -0.47838 -0.43543 -0.34111 0.00000 -0.36680 0.13727 -0.13727
1 1 7 0.56541 0.56541 0.51263 0.59415 0.00000 0.52701 0.02874 -0.02874
-2 2 3 0.07066 0.07066 0.62985 0.02670 0.00000 0.60787 -0.04396 0.04396
1 4 4 -0.39122 -0.39122 -0.39122 -0.46824 0.00000 0.00000 -0.07702 0.07702
2 1 8 -0.23314 -0.23314 -0.08999 -0.16723 0.00000 -0.05704 0.06591 -0.06591
0 1 11 0.41961 0.41961 0.55210 0.44335 0.00000 0.56397 0.02374 -0.02374
1 2 10 0.72994 0.72994 0.63375 0.62928 0.00000 0.58341 -0.10067 0.10067
-1 3 10 0.78079 0.78079 0.71636 0.81623 0.00000 0.73408 0.03545 -0.03545
1 2 5 -0.09810 -0.09810 0.08764 -0.16595 0.00000 0.05372 -0.06784 0.06784
-2 1 3 0.06719 0.06719 0.08627 0.09582 0.00000 0.10058 0.02863 -0.02863
0 2 1 0.30672 0.30672 0.62085 0.44104 0.00000 0.68801 0.13432 -0.13432
-2 2 11 0.33802 0.33802 1.10016 0.30015 0.00000 1.08123 -0.03787 0.03787
-2 3 2 0.48507 0.48507 0.28476 0.35876 0.00000 0.22160 -0.12632 0.12632
2 1 12 -0.41978 -0.41978 -0.33666 -0.38164 0.00000 -0.31759 0.03814 -0.03814
0 2 3 1.31183 1.31183 1.06273 1.05541 0.00000 0.93453 -0.25642 0.25642
-1 4 3 1.14266 1.14266 1.14266 1.15293 0.00000 0.00000 0.01026 -0.01026
-1 2 9 0.09056 0.09056 0.87834 0.04043 0.00000 0.85328 -0.05013 0.05013
-1 3 4 0.67178 0.67178 0.70322 0.76222 0.00000 0.74844 0.09044 -0.09044
-2 2 2 -0.83814 -0.83814 -0.63463 -0.93443 0.00000 -0.68277 -0.09629 0.09629
-2 4 5 0.18462 0.18462 0.18462 0.21028 0.00000 0.00000 0.02566 -0.02566
2 3 8 -0.10505 -0.10505 -0.20399 -0.18070 0.00000 -0.24181 -0.07565 0.07565
0 2 5 0.06321 0.06321 0.58252 -0.00527 0.00000 0.54828 -0.06848 0.06848
0 4 8 -0.15734 -0.15734 -0.15734 -0.12000 0.00000 0.00000 0.03734 -0.03734
-1 1 12 0.49449 0.49449 0.58014 0.52983 0.00000 0.59781 0.03534 -0.03534
-1 2 7 -0.70521 -0.70521 -0.10296 -0.78789 0.00000 -0.14430 -0.08268 0.08268
-2 3 11 -0.11027 -0.11027 -0.15395 -0.05177 0.00000 -0.12470 0.05850 -0.05850
-2 3 6 -0.27757 -0.27757 -0.40064 -0.27267 0.00000 -0.39819 0.00490 -0.00490
-1 4 9 0.61555 0.61555 0.61555 0.68064 0.00000 0.00000 0.06509 -0.06509
-2 4 7 0.06804 0.06804 0.06804 0.09893 0.00000 0.00000 0.03089 -0.03089
0 1 8 -0.42741 -0.42741 -0.40545 -0.32909 0.00000 -0.35629 0.09832 -0.09832
2 2 4 0.27987 0.27987 0.27987 0.18760 0.00000 0.23374 -0.09226 0.09226
0 2 7 0.38194 0.38194 -0.08726 0.21676 0.00000 -0.16984 -0.16518 0.16518
0 4 14 0.35554 0.35554 0.35554 0.28437 0.00000 0.00000 -0.07117 0.07117
-2 2 5 -0.16911 -0.16911 0.46556 -0.25619 0.00000 0.42203 -0.08707 0.08707
-1 3 8 -0.82397 -0.82397 -0.86806 -0.79530 0.00000 -0.85372 0.02867 -0.02867
-2 4 1 0.25248 0.25248 0.25248 0.31739 0.00000 0.00000 0.06491 -0.06491
0 1 10 -0.84070 -0.84070 -0.73296 -0.76371 0.00000 -0.69447 0.07699 -0.07699
-1 4 2 0.53437 0.53437 0.53437 0.50872 0.00000 0.00000 -0.02565 0.02565
-1 2 3 -0.30321 -0.30321 0.38205 -0.53223 0.00000 0.26753 -0.22903 0.22903
-2 3 10 0.40740 0.40740 0.30712 0.38993 0.00000 0.29839 -0.01747 0.01747
-1 1 3 0.59343 0.59343 0.26671 0.16726 0.00000 0.05362 -0.42617 0.42617
2 1 7 -0.32623 -0.32623 -0.23618 -0.32402 0.00000 -0.23507 0.00222 -0.00222
-2 4 3 -0.07270 -0.07270 -0.07270 -0.06860 0.00000 0.00000 0.00411 -0.00411
2 1 6 -0.32427 -0.32427 -0.14947 -0.20743 0.00000 -0.09105 0.11684 -0.11684
0 1 12 0.55878 0.55878 0.61681 0.71147 0.00000 0.69316 0.15269 -0.15269
0 4 2 0.28795 0.28795 0.28795 0.29920 0.00000 0.00000 0.01125 -0.01125
1 3 7 -0.48125 -0.48125 -0.62674 -0.51274 0.00000 -0.64249 -0.03149 0.03149
-1 2 1 0.02778 0.02778 0.62975 -0.00594 0.00000 0.61289 -0.03372 0.03372
-2 3 12 0.60213 0.60213 0.44815 0.57719 0.00000 0.43568 -0.02495 0.02495
-1 3 12 -0.14179 -0.14179 -0.19403 -0.04480 0.00000 -0.14553 0.09699 -0.09699
-2 1 1 0.76683 0.76683 0.71905 0.75263 0.00000 0.71195 -0.01420 0.01420
2 4 8 -0.72391 -0.72391 -0.72391 -0.60390 0.00000 0.00000 0.12001 -0.12001
-2 4 13 1.76785 1.76785 1.76785 1.91097 0.00000 0.00000 0.14312 -0.14312
-1 1 1 0.45295 0.45295 0.48681 0.56513 0.00000 0.54290 0.11218 -0.11218
2 3 10 -0.13789 -0.13789 -0.14112 -0.17325 0.00000 -0.15880 -0.03536 0.03536
1 3 10 -0.40533 -0.40533 -0.42063 -0.33853 0.00000 -0.38723 0.06680 -0.06680
1 3 5 -0.51619 -0.51619 -0.59280 -0.52401 0.00000 -0.59671 -0.00782 0.00782
-1 1 7 -0.86201 -0.86201 -0.90410 -0.96977 0.00000 -0.95798 -0.10776 0.10776
1 3 6 -0.18136 -0.18136 -0.21073 -0.15972 0.00000 -0.19991 0.02164 -0.02164
2 3 4 -0.69934 -0.69934 -0.76274 -0.70029 0.00000 -0.76322 -0.00095 0.00095
-1 4 13 0.21105 0.21105 0.21105 0.08693 0.00000 0.00000 -0.12413 0.12413
1 3 3 0.01709 0.01709 -0.01132 0.07937 0.00000 0.01982 0.06228 -0.06228
2 4 10 -0.49798 -0.49798 -0.49798 -0.61436 0.00000 0.00000 -0.11638 0.11638
-2 1 5 0.67758 0.67758 0.66470 0.70674 0.00000 0.67928 0.02916 -0.02916
1 4 2 -0.93100 -0.93100 -0.93100 -0.92137 0.00000 0.00000 0.00962 -0.00962
-2 4 9 -1.18860 -1.18860 -1.18860 -1.15005 0.00000 0.00000 0.03855 -0.03855
0 3 3 0.31518 0.31518 0.27179 0.37575 0.00000 0.30207 0.06058 -0.06058
0 1 2 0.36008 0.36008 0.53759 0.48597 0.00000 0.60053 0.12588 -0.12588
0 3 11 -0.17669 -0.17669 -0.26179 -0.17531 0.00000 -0.26110 0.00138 -0.00138
-2 2 12 0.43002 0.43002 1.02058 0.45044 0.00000 1.03080 0.02042 -0.02042
1 3 1 0.14087 0.14087 -0.17081 0.01996 0.00000 -0.23126 -0.12091 0.12091
-2 1 11 0.30800 0.30800 0.38553 0.49849 0.00000 0.48078 0.19050 -0.19050
2 4 14 -0.75909 -0.75909 -0.75909 -0.96500 0.00000 0.00000 -0.20591 0.20591
-2 4 11 0.02198 0.02198 0.02198 0.05780 0.00000 0.00000 0.03582 -0.03582
-2 1 6 0.04295 0.04295 0.06592 0.06433 0.00000 0.07662 0.02138 -0.02138
0 1 4 0.41723 0.41723 0.52483 0.40702 0.00000 0.51973 -0.01021 0.01021
-1 3 1 0.28751 0.28751 0.19803 0.27045 0.00000 0.18950 -0.01707 0.01707
-2 1 9 1.90945 1.90945 1.99053 2.01483 0.00000 2.04322 0.10538 -0.10538
2 2 11 0.24844 0.24844 -0.49787 0.16952 0.00000 -0.53733 -0.07892 0.07892
0 1 6 -0.05368 -0.05368 0.03230 -0.02830 0.00000 0.04499 0.02537 -0.02537
2 1 11 0.23011 0.23011 0.37175 0.26001 0.00000 0.38670 0.02990 -0.02990
-1 4 12 0.45221 0.45221 0.45221 0.47858 0.00000 0.00000 0.02637 -0.02637
1 1 8 0.11025 0.11025 0.20193 0.15890 0.00000 0.22625 0.04865 -0.04865
1 2 12 0.15964 0.15964 0.11870 0.05498 0.00000 0.06638 -0.10465 0.10465
2 4 2 0.18105 0.18105 0.18105 0.17806 0.00000 0.00000 -0.00299 0.00299
2 2 9 -0.28472 -0.28472 -0.28234 -0.32292 0.00000 -0.30144 -0.03820 0.03820
1 2 6 -0.15646 -0.15646 -0.17396 -0.23035 0.00000 -0.21091 -0.07389 0.07389
2 1 9 0.23746 0.23746 0.32274 0.26598 0.00000 0.33700 0.02852 -0.02852
-1 2 11 0.12612 0.12612 0.97030 0.03461 0.00000 0.92454 -0.09152 0.09152
1 3 11 0.02922 0.02922 0.03881 0.03849 0.00000 0.04345 0.00927 -0.00927
1 1 10 0.38578 0.38578 0.44152 0.48837 0.00000 0.49282 0.10259 -0.10259
2 4 4 -0.11434 -0.11434 -0.11434 -0.08039 0.00000 0.00000 0.03395 -0.03395
-2 1 7 -0.71347 -0.71347 -0.69040 -0.66723 0.00000 -0.66728 0.04624 -0.04624
-1 3 2 1.50266 1.50266 1.39015 1.49215 0.00000 1.38490 -0.01050 0.01050
2 1 3 0.10140 0.10140 0.16354 0.18720 0.00000 0.20644 0.08580 -0.08580
2 4 6 -0.68210 -0.68210 -0.68210 -0.95238 0.00000 0.00000 -0.27028 0.27028
1 3 9 -1.13000 -1.13000 -1.16761 -1.11228 0.00000 -1.15876 0.01771 -0.01771
1 1 12 0.80741 0.80741 0.94335 0.94341 0.00000 1.01135 0.13600 -0.13600
1 3 4 0.10529 0.10529 0.09456 0.11985 0.00000 0.10185 0.01457 -0.01457
0 3 1 0.76265 0.76265 0.65851 0.79768 0.00000 0.67602 0.03503 -0.03503
0 4 10 0.15103 0.15103 0.15103 0.06844 0.00000 0.00000 -0.08258 0.08258
1 4 13 0.18188 0.18188 0.18188 0.08482 0.00000 0.00000 -0.09706 0.09706
-1 4 8 -0.38405 -0.38405 -0.38405 -0.43086 0.00000 0.00000 -0.04681 0.04681
2 2 3 0.64574 0.64574 0.82499 0.64197 0.00000 0.82310 -0.00377 0.00377
2 1 5 -0.30014 -0.30014 -0.28137 -0.29399 0.00000 -0.27830 0.00614 -0.00614
1 2 9 0.15739 0.15739 0.15019 0.10882 0.00000 0.12590 -0.04857 0.04857
0 3 7 -0.41002 -0.41002 -0.59025 -0.35632 0.00000 -0.56339 0.05370 -0.05370
-2 2 10 1.16144 1.16144 0.91010 1.19684 0.00000 0.92780 0.03540 -0.03540
2 3 5 -0.40807 -0.40807 -0.40573 -0.35889 0.00000 -0.38114 0.04918 -0.04918
1 2 3 0.34964 0.34964 0.66448 0.18464 0.00000 0.58198 -0.16500 0.16500
1 4 11 0.33693 0.33693 0.33693 0.38780 0.00000 0.00000 0.05086 -0.05086
2 2 1 0.40205 0.40205 -0.06183 0.27529 0.00000 -0.12521 -0.12676 0.12676
-2 1 4 0.54922 0.54922 0.54218 0.56652 0.00000 0.55083 0.01729 -0.01729
-2 3 3 0.61669 0.61669 0.35536 0.53967 0.00000 0.31685 -0.07702 0.07702
0 4 6 -0.77984 -0.77984 -0.77984 -0.84492 0.00000 0.00000 -0.06508 0.06508
1 4 9 0.27420 0.27420 0.27420 0.32816 0.00000 0.00000 0.05396 -0.05396
1 2 11 0.36996 0.36996 0.43112 0.27399 0.00000 0.38314 -0.09597 0.09597
2 2 7 0.42412 0.42412 0.17850 0.22867 0.00000 0.08078 -0.19545 0.19545
0 2 10 -0.22632 -0.22632 -0.37974 -0.23140 0.00000 -0.38228 -0.00508 0.00508
1 2 4 -0.48443 -0.48443 0.43230 -0.12060 0.00000 0.61422 0.36383 -0.36383
-1 4 14 0.80699 0.80699 0.80699 0.73506 0.00000 0.00000 -0.07193 0.07193
1 1 4 0.19873 0.19873 0.35095 0.34228 0.00000 0.42273 0.14355 -0.14355
1 4 7 -0.69908 -0.69908 -0.69908 -0.64654 0.00000 0.00000 0.05254 -0.05254
2 2 5 0.08956 0.08956 0.15866 0.07854 0.00000 0.15315 -0.01102 0.01102
0 2 12 0.39715 0.39715 0.77294 0.30099 0.00000 0.72486 -0.09616 0.09616
0 1 1 0.68823 0.68823 0.68432 0.80103 0.00000 0.74072 0.11280 -0.11280
-2 2 9 -0.43995 -0.43995 0.22026 -0.46163 0.00000 0.20942 -0.02168 0.02168
1 1 6 -0.34196 -0.34196 -0.27597 -0.21213 0.00000 -0.21106 0.12983 -0.12983
1 4 5 -0.46508 -0.46508 -0.46508 -0.46309 0.00000 0.00000 0.00199 -0.00199
-1 1 5 -0.39527 -0.39527 -0.32307 -0.30465 0.00000 -0.27776 0.09062 -0.09062
-2 3 4 0.71858 0.71858 0.67205 0.79074 0.00000 0.70813 0.07216 -0.07216
-1 2 12 0.09422 0.09422 0.62578 0.05927 0.00000 0.60831 -0.03495 0.03495
-2 3 1 0.26118 0.26118 0.03579 0.13132 0.00000 -0.02914 -0.12986 0.12986
1 4 3 -1.22786 -1.22786 -1.22786 -1.13173 -0.00000 0.00000 0.09614 -0.09614
2 4 12 -0.32194 -0.32194 -0.32194 -0.24862 0.00000 0.00000 0.07333 -0.07333
0 4 11 -0.34429 -0.34429 -0.34429 -0.30382 0.00000 0.00000 0.04047 -0.04047
-1 2 10 0.60657 0.60657 0.33248 0.57738 0.00000 0.31789 -0.02920 0.02920
-1 3 3 0.42118 0.42118 0.35596 0.36488 0.00000 0.32782 -0.05630 0.05630
-2 2 8 0.23395 0.23395 0.09813 0.08821 0.00000 0.02527 -0.14574 0.14574
1 4 1 0.02361 0.02361 0.02361 0.03669 0.00000 0.00000 0.01308 -0.01308
-1 4 5 -0.23518 -0.23518 -0.23518 -0.20743 0.00000 0.00000 0.02775 -0.02775
0 2 2 0.70253 0.70253 0.37475 0.47510 0.00000 0.26104 -0.22743 0.22743
0 4 9 -0.33167 -0.33167 -0.33167 -0.30836 0.00000 0.00000 0.02331 -0.02331
2 3 6 -1.01400 -1.01400 -1.05404 -0.96163 -0.00000 -1.02786 0.05237 -0.05237
-1 2 8 -0.33930 -0.33930 0.12128 -0.28715 0.00000 0.14735 0.05215 -0.05215
-2 3 5 0.26403 0.26403 0.03216 0.21663 0.00000 0.00846 -0.04739 0.04739
-2 4 4 0.43184 0.43184 0.43184 0.53102 0.00000 0.00000 0.09917 -0.09917
-1 1 10 -0.20492 -0.20492 -0.14442 -0.08529 0.00000 -0.08460 0.11964 -0.11964
-1 3 5 0.11707 0.11707 0.15202 0.17227 0.00000 0.17962 0.05520 -0.05520
-1 2 6 0.19145 0.19145 -0.15906 0.20985 0.00000 -0.14987 0.01839 -0.01839
-1 3 7 -0.17196 -0.17196 -0.34713 -0.16553 0.00000 -0.34391 0.00642 -0.00642
0 4 4 -0.57933 -0.57933 -0.57933 -0.54038 0.00000 0.00000 0.03895 -0.03895
-2 4 6 -0.00021 -0.00021 -0.00021 0.05161 0.00000 0.00000 0.05182 -0.05182
2 3 1 0.25226 0.25226 0.70366 0.34206 0.00000 0.74856 0.08980 -0.08980
0 1 9 -0.14465 -0.14465 -0.12276 -0.19144 0.00000 -0.14616 -0.04680 0.04680
0 2 6 0.27285 0.27285 -0.21029 0.05568 0.00000 -0.31887 -0.21717 0.21717
0 4 13 -0.26484 -0.26484 -0.26484 -0.24125 0.00000 0.00000 0.02359 -0.02359
-2 2 4 0.50345 0.50345 0.97580 0.36270 0.00000 0.90543 -0.14075 0.14075
-1 3 9 0.28813 0.28813 0.19385 0.29505 0.00000 0.19731 0.00692 -0.00692
-2 1 2 -0.29848 -0.29848 -0.25251 -0.23275 0.00000 -0.21965 0.06573 -0.06573
-1 4 4 0.93922 0.93922 0.93922 0.78973 0.00000 0.00000 -0.14949 0.14949
0 4 3 0.27273 0.27273 0.27273 0.30892 0.00000 0.00000 0.03619 -0.03619
2 3 7 0.07017 0.07017 -0.03070 0.16067 0.00000 0.01455 0.09050 -0.09050
-1 2 2 1.12216 1.12216 1.12841 1.05850 0.00000 1.09658 -0.06366 0.06366
-1 3 11 0.46084 0.46084 0.43832 0.47165 0.00000 0.44373 0.01081 -0.01081
-2 2 1 0.49825 0.49825 0.80716 0.44960 0.00000 0.78283 -0.04866 0.04866
2 4 9 -0.67895 -0.67895 -0.67895 -0.66837 0.00000 0.00000 0.01058 -0.01058
-2 4 2 -0.71441 -0.71441 -0.71441 -0.71249 0.00000 0.00000 0.00193 -0.00193
2 3 9 -0.19613 -0.19613 -0.24800 -0.18481 0.00000 -0.24233 0.01133 -0.01133
-1 1 11 0.12905 0.12905 0.11337 0.16669 0.00000 0.13219 0.03764 -0.03764
0 4 1 0.73908 0.73908 0.73908 0.70376 0.00000 0.00000 -0.03532 0.03532
-1 3 6 0.25521 0.25521 0.18891 0.38278 0.00000 0.25270 0.12757 -0.12757
1 2 7 -0.26159 -0.26159 -0.06744 -0.43134 0.00000 -0.15231 -0.16975 0.16975
-1 1 6 -0.47155 -0.47155 -0.27771 -0.41940 0.00000 -0.25164 0.05215 -0.05215
0 2 4 -0.01523 -0.01523 -0.22771 -0.00020 0.00000 -0.22019 0.01503 -0.01503
2 4 11 0.20336 0.20336 0.20336 0.19488 0.00000 0.00000 -0.00849 0.00849
-2 4 12 0.34202 0.34202 0.34202 0.44249 0.00000 0.00000 0.10047 -0.10047
2 3 11 0.51201 0.51201 0.44728 0.50207 0.00000 0.44231 -0.00994 0.00994
2 3 12 0.01963 0.01963 0.02004 0.08277 0.00000 0.05161 0.06314 -0.06314
0 4 7 -0.55682 -0.55682 -0.55682 -0.50482 0.00000 0.00000 0.05200 -0.05200
0 2 8 -0.06537 -0.06537 0.41395 -0.17825 0.00000 0.35751 -0.11289 0.11289
-1 4 11 0.23122 0.23122 0.23122 0.24418 0.00000 0.00000 0.01296 -0.01296
-1 1 4 0.05785 0.05785 0.09167 0.01199 0.00000 0.06874 -0.04586 0.04586
2 4 13 0.54188 0.54188 0.54188 0.54927 0.00000 0.00000 0.00739 -0.00739
-2 4 14 1.00466 1.00466 1.00466 0.84859 0.00000 0.00000 -0.15606 0.15606
-1 4 7 -0.30920 -0.30920 -0.30920 -0.37559 0.00000 0.00000 -0.06639 0.06639
0 3 10 0.29883 0.29883 0.28844 0.35630 0.00000 0.31718 0.05747 -0.05747
0 3 5 -0.38717 -0.38717 -0.52968 -0.32420 0.00000 -0.49820 0.06297 -0.06297
0 4 5 -0.32151 -0.32151 -0.32151 -0.30543 0.00000 0.00000 0.01607 -0.01607
1 3 2 0.62464 0.62464 0.58272 0.65962 0.00000 0.60022 0.03498 -0.03498
-2 2 6 -0.42455 -0.42455 0.17637 -0.49331 0.00000 0.14199 -0.06876 0.06876
-2 1 10 1.07769 1.07769 1.07088 1.17227 0.00000 1.11817 0.09458 -0.09458
0 3 9 0.50900 0.50900 0.12118 0.23991 0.00000 -0.01336 -0.26909 0.26909
-2 4 8 -0.24243 -0.24243 -0.24243 -0.22414 0.00000 0.00000 0.01830 -0.01830
0 1 3 0.27742 0.27742 0.37992 0.37209 0.00000 0.42726 0.09467 -0.09467
0 3 8 -0.10674 -0.10674 -0.21089 -0.06815 0.00000 -0.19159 0.03859 -0.03859
-1 1 8 0.05501 0.05501 0.12409 0.15578 0.00000 0.17448 0.10077 -0.10077
-2 3 7 -0.27379 -0.27379 -0.40274 -0.29444 0.00000 -0.41307 -0.02065 0.02065
-2 1 8 1.27450 1.27450 1.38997 1.32320 0.00000 1.41432 0.04870 -0.04870
2 4 1 0.13486 0.13486 0.13486 0.15106 0.00000 0.00000 0.01620 -0.01620
-2 4 10 0.12881 0.12881 0.12881 0.08214 0.00000 0.00000 -0.04667 0.04667
0 1 5 0.15473 0.15473 0.20345 0.19695 0.00000 0.22456 0.04222 -0.04222
2 1 10 0.02798 0.02798 0.11697 0.10520 0.00000 0.15559 0.07722 -0.07722
1 1 2 -0.41751 -0.41751 -0.32781 -0.41144 0.00000 -0.32477 0.00607 -0.00607
1 1 9 0.25798 0.25798 0.34487 0.39079 0.00000 0.41128 0.13282 -0.13282
-1 4 10 0.74740 0.74740 0.74740 0.66762 0.00000 0.00000 -0.07979 0.07979
2 4 3 0.86628 0.86628 0.86628 0.88200 0.00000 0.00000 0.01572 -0.01572
2 2 10 -0.10600 -0.10600 0.00401 -0.17070 0.00000 -0.02834 -0.06470 0.06470
-1 4 6 -0.90947 -0.90947 -0.90947 -0.85248 -0.00000 0.00000 0.05699 -0.05699
0 3 12 0.39024 0.39024 0.28242 0.43256 0.00000 0.30358 0.04232 -0.04232
1 2 1 0.35057 0.35057 1.27881 0.21677 0.00000 1.21190 -0.13380 0.13380
1 3 12 0.20865 0.20865 0.16989 0.25764 0.00000 0.19438 0.04898 -0.04898
1 1 11 0.02110 0.02110 0.13475 0.16432 0.00000 0.20636 0.14322 -0.14322
-1 2 5 0.88221 0.88221 0.79417 0.92427 0.00000 0.81520 0.04206 -0.04206
-2 1 12 0.05342 0.05342 0.03460 0.10209 0.00000 0.05893 0.04867 -0.04867
2 4 5 -0.20827 -0.20827 -0.20827 -0.22131 0.00000 0.00000 -0.01304 0.01304
2 2 8 0.04965 0.04965 0.02380 -0.05194 0.00000 -0.02699 -0.10159 0.10159
0 3 2 1.28560 1.28560 1.20250 1.27876 0.00000 1.19908 -0.00684 0.00684
-1 1 9 0.14150 0.14150 0.13238 0.03399 0.00000 0.07862 -0.10751 0.10751
-2 3 8 -0.15191 -0.15191 -0.27254 -0.18449 0.00000 -0.28882 -0.03258 0.03258
1 4 14 -1.00893 -1.00893 -1.00893 -1.02699 0.00000 0.00000 -0.01805 0.01805
-2 2 7 -0.27646 -0.27646 0.04134 -0.53051 0.00000 -0.08569 -0.25406 0.25406
2 4 7 0.68783 0.68783 0.68783 0.68698 0.00000 0.00000 -0.00085 0.00085
2 1 4 0.63520 0.63520 0.73148 0.74245 0.00000 0.78511 0.10725 -0.10725
1 3 8 0.04760 0.04760 -0.04909 0.11640 0.00000 -0.01470 0.06879 -0.06879
1 4 12 -0.52986 -0.52986 -0.52986 -0.57521 0.00000 0.00000 -0.04535 0.04535
2 2 12 0.27685 0.27685 0.32961 0.22850 0.00000 0.30544 -0.04834 0.04834
-1 4 1 0.38994 0.38994 0.38994 0.53360 0.00000 0.00000 0.14366 -0.14366
0 3 6 -0.10641 -0.10641 -0.26571 -0.20878 0.00000 -0.31690 -0.10237 0.10237
1 2 2 0.84474 0.84474 0.82028 0.70167 0.00000 0.74874 -0.14306 0.14306
2 3 2 0.77766 0.77766 0.80662 0.86937 0.00000 0.85248 0.09172 -0.09172
1 1 1 1.04019 1.04019 1.06321 1.05884 0.00000 1.07254 0.01865 -0.01865
-1 2 4 0.13339 0.13339 0.59036 0.11588 0.00000 0.58161 -0.01750 0.01750
1 4 10 -0.92285 -0.92285 -0.92285 -0.96559 0.00000 0.00000 -0.04274 0.04274
2 2 2 0.36703 0.36703 0.48194 0.42144 0.00000 0.50914 0.05441 -0.05441
0 2 9 0.00730 0.00730 0.59599 -0.02446 0.00000 0.58011 -0.03177 0.03177
0 3 4 0.42831 0.42831 0.36428 0.44558 0.00000 0.37291 0.01727 -0.01727
-2 3 9 0.05085 0.05085 -0.08633 0.01867 0.00000 -0.10242 -0.03218 0.03218
1 1 3 0.78339 0.78339 0.82144 0.85612 0.00000 0.85781 0.07273 -0.07273
1 4 8 -0.52650 -0.52650 -0.52650 -0.64520 0.00000 0.00000 -0.11870 0.11870
-1 1 2 0.03153 0.03153 0.15465 0.12617 0.00000 0.20197 0.09464 -0.09464
0 2 11 0.46544 0.46544 0.54360 0.42439 0.00000 0.52308 -0.04104 0.04104
0 4 12 -0.30834 -0.30834 -0.30834 -0.26724 0.00000 0.00000 0.04110 -0.04110
2 3 3 0.57037 0.57037 0.46214 0.54375 0.00000 0.44883 -0.02662 0.02662
1 1 5 0.60123 0.60123 0.71868 0.66784 0.00000 0.75199 0.06661 -0.06661
2 1 1 1.06120 1.06120 1.16496 1.08713 0.00000 1.17792 0.02593 -0.02593
1 4 6 -0.90773 -0.90773 -0.90773 -1.00996 0.00000 0.00000 -0.10223 0.10223
2 2 6 -0.45628 -0.45628 -0.26540 -0.45804 0.00000 -0.26628 -0.00176 0.00176

