ch_phix ch_phiy ch_phiz ch_x ch_y ch_z sector sl1_phix sl1_phiy sl1_phiz sl1_x sl1_y sl1_z sl2_phix sl2_phiy sl2_phiz sl2_x sl2_y sl2_z sl3_phix sl3_phiy sl3_phiz sl3_x sl3_y sl3_z station wheel
-0.44733 0.00339 0.76683 -3.14987 11.37573 -7.59064 1 -0.44733 -1.67104 0.76758 -3.14953 11.41602 -7.59064 0.00796 -0.45875 0.71905 -11.19934 -3.28884 -8.75458 -0.54323 -2.54416 0.75405 -3.28163 10.94116 -9.23523 1 -2 
0.26487 -1.30842 -0.29848 -6.08330 10.35767 -2.23946 2 0.26487 0.48456 -0.29801 -6.23715 10.33142 -2.26058 1.47434 0.23780 -0.25251 -10.90210 -5.98163 -3.39302 0.33833 -0.28889 -0.23239 -6.00143 10.55725 -3.89819 1 -2 
-0.52082 -1.73746 0.06719 -5.81261 11.65894 4.13054 3 -0.52082 -1.00161 0.06681 -6.01670 11.71936 4.10257 1.77759 -0.41794 0.08627 -11.59607 -5.85491 2.91505 -0.46511 0.01536 0.09501 -5.59726 11.20728 2.46299 1 -2 
-0.50142 0.05122 0.54922 -2.59274 11.11023 9.08752 4 -0.50142 1.43272 0.54853 -2.58675 11.16089 9.08844 0.06345 -0.49635 0.54218 -10.94299 -2.63470 7.76276 -0.49817 1.76219 0.56563 -2.57004 10.98083 7.50671 1 -2 
-0.56160 1.91039 0.67758 4.34045 10.61707 6.71283 5 -0.56161 3.54746 0.67666 4.56486 10.67261 6.74325 -1.83915 -0.50952 0.66470 -10.71899 4.16821 5.23499 -0.56285 3.23302 0.70597 4.14450 10.46387 4.93117 1 -2 
-0.04396 1.82884 0.04295 5.24521 11.02539 1.29528 6 -0.04396 3.38310 0.04288 5.46002 11.02966 1.32452 -1.83151 0.00450 0.06592 -10.84717 5.02398 -0.12605 -0.02077 2.85696 0.06431 5.09525 10.63293 -0.37492 1 -2 
-0.35961 1.99606 -0.71347 2.12425 12.02209 -4.89929 7 -0.35961 3.14945 -0.71389 2.35886 12.07581 -4.86755 -1.90709 -0.43372 -0.69040 -12.06909 1.89163 -6.02325 -0.37455 2.67587 -0.66750 1.88869 11.72485 -6.37878 1 -2 
-0.14709 -2.12889 1.27450 -2.47734 21.86157 -3.50841 8 -0.14709 0.46836 1.27412 -2.72741 21.85852 -3.54269 2.18109 -0.15668 1.38997 -21.74133 -2.18307 -5.97022 -0.22875 -5.27874 1.32394 -2.18359 21.91223 -6.57568 1 -2 
-1.26720 -2.19409 1.90945 -1.45610 7.79663 2.23213 9 -1.26720 -2.49482 1.90983 -1.71416 7.91443 2.19661 2.26583 -1.21441 1.99053 -7.45300 -1.31961 1.14489 -1.30110 -2.23811 2.01497 -1.17143 7.83752 0.73076 1 -2 
-0.06316 0.27097 1.07769 0.97069 10.27771 5.88104 10 -0.06316 1.06892 1.07764 1.00254 10.26794 5.88531 -0.42231 -0.04244 1.07088 -9.84192 0.89478 3.46344 -0.06464 0.19799 1.17228 0.96214 9.78577 3.48877 1 -2 
-0.27339 2.98481 0.30800 4.40653 8.23608 -0.15881 11 -0.27340 4.64210 0.30755 4.75733 8.26294 -0.11150 -3.00745 -0.23397 0.38553 -8.04077 4.21290 -2.60569 -0.37045 5.15528 0.49769 3.99027 8.21655 -2.95041 1 -2 
-0.02916 2.82283 0.05342 2.23692 9.89136 -6.17946 12 -0.02916 5.00368 0.05336 2.56868 9.89380 -6.13487 -2.69516 -0.14474 0.03460 -10.03906 2.08869 -7.52518 -0.02532 4.04581 0.10206 1.94463 9.82971 -7.91563 1 -2 
-0.40188 0.00401 0.49825 -3.60817 7.13562 -8.97156 1 -0.40189 -0.41893 0.49842 -3.60769 7.19971 -8.97156 0.22477 -0.43566 0.80716 -7.21130 -2.77782 -9.37317 -0.55469 -0.50487 0.44991 -3.55759 6.65100 -10.17761 2 -2 
-0.04018 -1.69033 -0.83814 -4.77415 8.15186 -4.62649 2 -0.04018 -5.37717 -0.83799 -4.97293 8.12805 -4.56917 1.89357 -0.24988 -0.63463 -8.04749 -4.39389 -5.10434 -0.33319 -5.54873 -0.93318 -4.69597 8.28918 -5.87750 2 -2 
-1.08332 -2.04188 0.07066 -5.81409 10.30396 2.66552 3 -1.08333 -5.08150 0.07396 -6.05408 10.43335 2.73452 2.16648 -1.42074 0.62985 -10.45105 -5.46984 2.16690 -1.26774 -5.39993 0.03106 -5.91267 9.64783 1.56977 2 -2 
-0.07551 -1.09562 0.50345 -2.59296 12.61780 7.49481 4 -0.07551 -5.04011 0.50375 -2.72171 12.64404 7.53174 1.40990 -0.10940 0.97580 -12.50610 -2.27041 7.23328 -0.09807 -3.97116 0.36296 -2.57954 12.32300 6.56738 2 -2 
-0.08794 1.39659 -0.16911 4.53772 12.27905 6.13378 5 -0.08794 -2.03935 -0.16881 4.70165 12.28394 6.08600 -1.16222 -0.30576 0.46556 -12.46765 4.85892 5.53076 -0.05138 -1.59991 -0.25604 4.20864 11.52771 5.00656 2 -2 
-0.74926 1.91570 -0.42455 6.01996 12.66479 0.98425 6 -0.74926 -0.91690 -0.42242 6.24483 12.73865 0.91886 -1.65893 -0.97354 0.17637 -12.89978 6.19482 0.71802 -0.80966 -0.57839 -0.49130 5.52310 12.39136 -0.07716 2 -2 
-0.67005 1.41063 -0.27646 3.49371 12.27783 -6.06689 7 -0.67005 -1.14221 -0.27475 3.65946 12.34680 -6.11511 -1.20720 -0.71252 0.04134 -13.01880 4.01325 -6.57715 -0.56411 0.44049 -0.53011 3.11922 11.79443 -6.79810 2 -2 
-0.40006 -2.95410 0.23395 -0.38588 9.85413 -5.21243 8 -0.40006 -5.80241 0.23509 -0.73319 9.90906 -5.11269 2.87501 -0.63662 0.09813 -9.30054 0.23975 -5.75264 -0.33904 -4.59451 0.08880 -0.19840 8.91785 -5.81788 2 -2 
-0.44272 -2.32671 -0.43995 0.35830 9.34937 0.82777 9 -0.44272 -5.79472 -0.43842 0.08492 9.38660 0.90638 2.59487 -0.58730 0.22026 -9.53491 1.43349 0.36318 -0.47269 -4.60728 -0.46058 0.54516 8.73169 0.06772 2 -2 
-0.54455 0.30635 1.16144 1.47472 11.33301 2.24731 10 -0.54455 -0.21529 1.16173 1.51064 11.43677 2.23694 -0.48317 -0.58193 0.91010 -10.54199 0.89584 1.80054 -0.41920 0.07346 1.19703 1.16554 10.64392 1.49536 2 -2 
-0.47884 1.14649 0.33802 3.57195 9.60388 -0.27743 11 -0.47883 0.03861 0.33855 3.70646 9.67163 -0.31668 -1.12510 -0.42416 1.10016 -9.06311 5.10641 -0.81730 -0.45180 -1.42371 0.30128 3.41267 8.38440 -1.19541 2 -2 
0.28683 2.53585 0.43002 2.27971 10.96436 -6.79892 12 0.28683 -0.99528 0.42901 2.57736 10.94543 -6.88537 -2.52618 0.27974 1.02058 -10.01099 2.90467 -7.41386 0.35159 1.76018 0.45016 1.87031 10.15991 -7.82992 2 -2 
-0.35952 0.00407 0.26118 -1.85080 8.29041 -8.14819 1 -0.35952 -1.96576 0.26189 -1.85040 8.32214 -8.14819 0.10091 -0.33571 0.03579 -8.35083 -2.03899 -8.91479 -0.28243 -1.43417 0.13171 -1.71041 8.46741 -9.14001 3 -2 
0.18280 -1.85844 0.48507 -3.66688 10.80750 -2.44070 2 0.18280 -3.39836 0.48479 -3.85233 10.78186 -2.46894 1.72370 0.18448 0.28476 -10.68237 -3.80990 -3.61614 0.15175 -2.67761 0.35861 -3.46583 10.70068 -3.68793 3 -2 
-0.34630 -1.81384 0.61669 -3.77011 10.26367 3.82799 3 -0.34630 -1.93463 0.61673 -3.95058 10.28870 3.80062 1.61727 -0.35617 0.35536 -9.78149 -3.86001 2.51032 -0.28230 -0.13674 0.53921 -3.45941 10.72754 2.42375 3 -2 
-0.87927 0.55649 0.71858 -0.99693 11.87195 7.65930 4 -0.87927 -0.26549 0.71930 -0.94162 11.94885 7.66724 -0.40570 -0.88167 0.67205 -12.27783 -1.17121 6.93420 -0.89176 -2.08358 0.79312 -1.19226 12.33093 6.58142 3 -2 
0.61812 1.61236 0.26403 4.63487 9.98840 6.39942 5 0.61812 -0.00764 0.26302 4.79491 9.92310 6.42331 -1.67084 0.57170 0.03216 -9.85168 4.21604 5.32119 0.62036 -0.37950 0.21528 4.10449 9.74548 5.13470 3 -2 
-0.20164 1.58627 -0.27757 6.68766 11.53687 0.85315 6 -0.20164 -1.00329 -0.27705 6.84536 11.56128 0.87725 -1.56239 -0.25032 -0.40064 -11.43799 6.44404 0.10569 -0.22941 -0.61130 -0.27216 6.62346 10.96069 -0.01343 3 -2 
-0.74564 1.41083 -0.27379 4.91922 10.25452 -4.10645 7 -0.74564 -0.68280 -0.27223 5.05962 10.33264 -4.08508 -1.32286 -0.72332 -0.40274 -10.48950 4.64212 -4.99207 -0.71088 -1.18984 -0.29261 4.81134 10.56519 -5.09766 3 -2 
0.16208 -2.10935 -0.15191 1.70483 10.17029 -3.58279 8 0.16208 -1.52730 -0.15182 1.49484 10.15686 -3.61448 2.00276 0.24445 -0.27254 -10.20569 1.74014 -4.44326 0.12614 -3.59897 -0.18467 1.80443 9.10400 -4.67066 3 -2 
-0.28868 -1.60521 0.05085 1.98574 5.01221 2.00982 9 -0.28868 -3.17179 0.05130 1.82584 5.04028 1.98586 1.63543 -0.22338 -0.08633 -5.04578 1.94003 1.13135 -0.12746 -1.03902 0.01859 2.21236 5.08240 0.85374 3 -2 
-0.26691 0.39692 0.40740 1.80202 12.95593 3.66943 10 -0.26691 -0.77842 0.40771 1.84151 12.97668 3.67493 -0.41613 -0.17071 0.30712 -12.48901 1.69556 2.57996 -0.17972 -1.04782 0.39017 1.69947 12.76550 2.65442 3 -2 
-0.08984 2.36567 -0.11027 3.62293 7.14661 -0.10917 11 -0.08984 0.83293 -0.11013 3.85804 7.15759 -0.07366 -2.36362 -0.16730 -0.15395 -6.22070 3.31234 -1.04692 -0.15032 -0.28566 -0.05137 3.19962 6.75537 -1.08896 3 -2 
-0.43168 2.19226 0.60213 2.41598 9.08569 -6.23783 12 -0.43168 1.82122 0.60229 2.63387 9.11987 -6.20506 -2.26867 -0.35221 0.44815 -9.01123 1.98321 -7.30099 -0.39519 3.00833 0.57686 2.05555 8.98865 -7.44459 3 -2 
-0.03604 0.00358 0.25248 0.52963 10.53833 -8.80737 1 -0.03604 -4.12864 0.25263 0.53001 10.55237 -8.80737 0.00000 0.00000 0.00000 0.00000 0.00000 0.00000 0.02806 -3.89682 0.31728 0.39001 10.47485 -10.60364 4 -2 
0.25045 -1.40545 -0.71441 -1.24317 10.40405 -5.22208 2 0.25046 -7.10861 -0.71584 -1.38346 10.34912 -5.16294 0.00000 0.00000 0.00000 0.00000 0.00000 0.00000 0.24868 -9.48162 -0.71448 -1.33012 10.73181 -6.82105 4 -2 
-0.12552 -1.53399 -0.07270 -2.93008 10.00427 1.74620 3 -0.12552 1.06940 -0.07303 -3.08326 10.01404 1.81070 0.00000 0.00000 0.00000 0.00000 0.00000 0.00000 -0.15886 0.49312 -0.06891 -2.70305 10.05798 -0.24127 4 -2 
0.05568 1.20267 0.43184 1.18027 7.84668 4.31519 4 0.05568 -0.45066 0.43175 1.29990 7.84119 4.31519 0.00000 0.00000 0.00000 0.00000 0.00000 0.00000 0.10190 -1.87014 0.53071 0.92407 7.66602 3.50830 4 -2 
-0.03248 -2.30140 1.76785 -0.93842 11.75049 5.22217 13 -0.03248 -2.72722 1.76786 -1.16745 11.75293 5.22156 0.00000 0.00000 0.00000 0.00000 0.00000 0.00000 0.06328 -3.30439 1.91092 -0.87082 11.47461 4.47937 4 -2 
0.14735 0.67987 0.18462 3.31112 10.42236 5.47928 5 0.14735 2.18376 0.18484 3.37926 10.39978 5.50760 0.00000 0.00000 0.00000 0.00000 0.00000 0.00000 0.06920 1.79922 0.21036 3.24483 10.79224 3.59141 4 -2 
0.26070 0.53313 -0.00021 5.60217 11.09680 0.46888 6 0.26070 -3.01731 -0.00114 5.65578 11.07117 0.49138 0.00000 0.00000 0.00000 0.00000 0.00000 0.00000 0.04559 -4.32694 0.05138 5.61267 11.26831 -1.15026 4 -2 
-0.25285 -0.00294 0.06804 4.92401 13.42712 -2.30225 7 -0.25285 -1.93091 0.06853 4.92378 13.44971 -2.30286 0.00000 0.00000 0.00000 0.00000 0.00000 0.00000 -0.35263 -2.72113 0.09989 5.01541 13.79822 -4.28467 4 -2 
-0.63454 -1.74699 -0.24243 1.77991 8.64746 -2.04955 8 -0.63454 2.41646 -0.24508 1.60538 8.72070 -2.12357 0.00000 0.00000 0.00000 0.00000 0.00000 0.00000 -0.85148 2.80000 -0.22787 2.08221 8.69507 -4.02901 4 -2 
-0.21716 -1.77050 -1.18860 0.17541 8.81287 2.70400 9 -0.21716 -1.51871 -1.18866 -0.00099 8.83484 2.70435 0.00000 0.00000 0.00000 0.00000 0.00000 0.00000 -0.10248 -1.93135 -1.15005 0.43714 8.76221 1.20453 4 -2 
-0.92158 0.95296 0.12881 2.92221 6.49719 2.22595 10 -0.92160 -5.22269 0.13450 3.01712 6.59119 2.20581 0.00000 0.00000 0.00000 0.00000 0.00000 0.00000 -0.77377 -3.27264 0.08531 2.82013 6.25732 1.49536 4 -2 
-0.43141 -0.19813 1.00466 1.08093 7.69409 3.50281 14 -0.43141 0.38096 1.00441 1.06110 7.71606 3.49854 0.00000 0.00000 0.00000 0.00000 0.00000 0.00000 -0.34940 -0.38777 0.84859 1.04050 7.63489 2.70752 4 -2 
0.05242 1.89903 0.02198 3.93554 8.92395 1.14456 11 0.05242 2.74092 0.02202 4.12420 8.91846 1.14417 0.00000 0.00000 0.00000 0.00000 0.00000 0.00000 -0.00033 2.91823 0.05780 3.63470 9.05762 -0.18645 4 -2 
-0.57693 1.28238 0.34202 1.24702 7.31506 -5.56872 12 -0.57693 2.01737 0.34160 1.37441 7.38708 -5.62274 0.00000 0.00000 0.00000 0.00000 0.00000 0.00000 -0.82709 3.11914 0.44109 0.50336 7.51709 -7.52955 4 -2 
-0.07553 0.00343 0.45295 2.06432 6.43921 -6.86707 1 -0.07553 1.36470 0.45285 2.06470 6.44104 -6.86707 0.12501 -0.06909 0.48681 -6.49231 1.93577 -8.12866 -0.09009 0.36395 0.56510 2.05647 6.33209 -8.50159 1 -1 
0.18549 -1.46066 0.03153 -3.74154 6.74377 -2.82362 2 0.18549 -0.01025 0.03180 -3.91318 6.72150 -2.84716 1.48726 0.30443 0.15465 -6.76666 -3.58470 -4.34487 0.21152 1.79321 0.12687 -3.49585 6.77673 -5.36804 1 -1 
0.54658 -2.42296 0.59343 -3.28382 6.85577 3.19537 3 0.54658 -2.19035 0.59356 -3.56832 6.78192 3.15621 2.42943 0.69603 0.26671 -6.73340 -2.87399 1.54742 0.55341 -2.29454 0.16729 -2.64839 6.61987 1.29216 1 -1 
0.66831 0.62873 0.05785 -0.49797 8.41675 7.69684 4 0.66831 -0.16599 0.05732 -0.42408 8.33710 7.70691 -0.67206 0.60405 0.09167 -8.45795 -0.41782 4.86694 0.62253 0.96908 0.01212 -0.54749 8.50800 4.11316 1 -1 
-0.38733 1.33116 -0.39527 4.63133 6.70563 5.07156 5 -0.38733 3.60892 -0.39616 4.78764 6.75751 5.09267 -1.26374 -0.38265 -0.32307 -7.00439 4.40237 3.42103 -0.35231 2.71549 -0.30517 4.45811 6.69312 3.05584 1 -1 
-0.22204 1.62318 -0.47155 4.94616 7.21497 1.08387 6 -0.22204 2.11905 -0.47166 5.13685 7.24854 1.10974 -1.57545 -0.14252 -0.27771 -7.19360 4.97750 -0.92109 -0.14187 2.19904 -0.41949 4.76162 7.02118 -1.17858 1 -1 
-0.46359 1.41092 -0.86201 3.19275 9.16534 -2.55371 7 -0.46359 0.65902 -0.86166 3.35861 9.23340 -2.53143 -1.25517 -0.46491 -0.90410 -8.87543 2.87788 -3.70331 -0.41988 2.21010 -0.96995 2.99568 8.71124 -4.44336 1 -1 
-0.84854 -2.70980 0.05501 0.23120 6.01654 -1.16175 8 -0.84854 -1.56346 0.05403 -0.08713 6.11542 -1.20560 2.89433 -0.66588 0.12409 -5.72662 0.44540 -2.42679 -0.79745 -2.94224 0.15596 0.55740 5.84229 -2.99361 1 -1 
-0.68421 -2.65313 0.14150 -0.04054 3.95386 4.84164 9 -0.68421 -1.10815 0.14044 -0.35230 4.03198 4.79873 2.76124 -0.59587 0.13238 -4.19189 0.38321 3.60169 -0.55524 -0.94850 0.03302 0.18181 3.98773 3.13267 1 -1 
0.31183 0.43254 -0.20492 3.18317 1.88660 8.27118 10 0.31183 2.62772 -0.20424 3.23399 1.85333 8.27820 -0.40321 0.33485 -0.14442 -2.06055 3.28926 5.98175 0.34258 1.28283 -0.08500 3.01373 2.06970 5.59113 1 -1 
-0.00890 2.33911 0.12905 7.59380 5.67871 2.44180 11 -0.00890 4.52242 0.12903 7.86865 5.67780 2.47869 -2.32212 -0.02581 0.11337 -5.58197 7.39897 -0.02061 0.01839 3.87033 0.16672 7.33340 5.37750 -0.46376 1 -1 
-0.09409 2.01481 0.49449 6.35914 5.02228 -4.00600 12 -0.09409 2.51408 0.49444 6.59594 5.02563 -3.97394 -2.13927 -0.10602 0.58014 -5.15930 6.23105 -6.24325 -0.11812 3.59286 0.52965 5.98817 4.97070 -6.54522 1 -1 
-0.41425 0.00342 0.02778 0.69592 4.26147 -8.88733 1 -0.41425 -3.18128 0.02910 0.69633 4.31122 -8.88702 0.18713 -0.51284 0.62975 -4.80347 1.52735 -9.14856 -0.28719 -2.31552 -0.00528 0.44794 4.41895 -9.78149 2 -1 
0.07919 -1.91560 1.12216 -2.64095 9.86420 -4.88340 2 0.07919 -3.65446 1.12202 -2.86607 9.89288 -4.81861 1.94247 0.17726 1.12841 -8.83759 -2.45888 -5.51287 0.02720 -3.44267 1.05845 -2.61483 8.84216 -6.28195 2 -1 
-0.36130 -2.34204 -0.30321 -3.18940 7.36176 1.02103 3 -0.36131 -3.15014 -0.30291 -3.46461 7.39380 1.10036 2.44660 -0.30591 0.38205 -6.39465 -2.26992 0.31467 -0.29016 -4.40157 -0.53167 -2.91855 6.13617 -0.03586 2 -1 
-0.17912 -1.22168 0.13339 -0.76387 7.17224 5.44373 4 -0.17912 -3.23018 0.13375 -0.90742 7.19757 5.48523 1.65349 -0.29918 0.59036 -7.60040 0.20882 4.49951 -0.28557 -2.56886 0.11623 -0.69672 7.36633 3.79028 2 -1 
0.90771 0.31059 0.88221 3.81298 6.19934 4.54678 5 0.90771 -3.06317 0.87915 3.84938 6.12274 4.53598 -0.29156 0.79476 0.79417 -5.04913 3.97566 3.99511 0.92716 -3.99329 0.92049 3.50396 5.57281 3.96333 2 -1 
-0.23499 1.29709 0.19145 5.19567 5.21088 -0.24611 6 -0.23499 -2.04735 0.19224 5.34803 5.24506 -0.29029 -0.76901 -0.19381 -0.15906 -3.50830 5.26006 -0.50107 -0.15378 -2.06292 0.21029 5.09510 5.20477 -1.25844 2 -1 
-0.14600 -0.00441 -0.70521 5.52065 5.55298 -3.32581 7 -0.14600 -3.19050 -0.70475 5.52015 5.54596 -3.32581 0.15993 -0.20911 -0.10296 -5.62500 5.94299 -3.83667 -0.16943 -2.55189 -0.78747 5.37214 5.40527 -4.44153 2 -1 
-0.80392 -2.79115 -0.33930 2.21109 7.27539 -3.54242 8 -0.80394 -6.24300 -0.33652 1.88300 7.35840 -3.44814 3.14184 -0.84689 0.12128 -6.42792 2.52309 -4.80438 -0.69526 -6.89765 -0.28448 2.44811 6.23840 -5.24034 2 -1 
-0.94474 -3.19483 0.09056 1.44835 7.52258 2.34795 9 -0.94476 -6.47253 0.09366 1.07287 7.63672 2.45571 2.87973 -0.84474 0.87834 -6.24298 3.22075 1.08531 -0.91386 -5.66456 0.04293 1.69571 4.91486 0.84652 2 -1 
-0.31633 -0.55210 0.60657 4.47760 4.78119 4.92218 10 -0.31633 -2.71269 0.60726 4.41271 4.83887 4.94110 0.65421 -0.50407 0.33248 -2.14539 3.80737 4.24683 -0.52062 -2.19764 0.57824 4.19031 2.70996 3.83911 2 -1 
-0.88472 1.22257 0.12612 7.65501 4.27551 0.95815 11 -0.88472 -2.35089 0.12928 7.79867 4.38354 0.91644 -1.00623 -0.82820 0.97030 -3.52814 9.35544 0.70056 -1.03369 -1.66382 0.03745 7.36290 2.99103 0.01854 2 -1 
-0.17641 2.52754 0.09422 5.29562 3.81439 -5.16410 12 -0.17641 -0.84487 0.09482 5.59258 3.83850 -5.25060 -2.45685 -0.15778 0.62578 -3.71918 6.22672 -5.85213 -0.04316 -1.56782 0.05944 4.90438 3.41736 -6.58423 2 -1 
-0.14433 -1.41114 0.28751 0.33180 7.94373 -9.06738 1 -0.14433 -5.01501 0.28803 0.19140 7.95380 -9.08875 1.51621 -0.23481 0.19803 -7.68402 0.33848 -9.61792 -0.27142 -8.88176 0.27248 0.43568 8.35358 -9.70764 3 -1 
-0.14773 -1.53757 1.50266 -1.11529 7.21771 -4.13938 2 -0.14773 -2.82108 1.50284 -1.26874 7.20978 -4.16285 1.53948 -0.18511 1.39015 -7.30560 -1.02697 -5.04597 -0.27350 -1.06233 1.49202 -0.81191 7.64893 -5.27162 3 -1 
0.20450 -1.68101 0.42118 -1.11462 6.43707 2.67032 3 0.20450 -1.76066 0.42117 -1.28181 6.41022 2.64497 1.75033 0.28396 0.35596 -6.12091 -1.12278 1.69020 0.21549 -1.09272 0.36503 -0.86859 6.22162 1.50994 3 -1 
0.06688 -0.93344 0.67178 1.52596 10.07233 5.82275 4 0.06688 0.47048 0.67187 1.43309 10.05554 5.80872 0.57836 0.08597 0.70322 -9.86877 1.71253 4.39026 -0.14679 -0.37471 0.76215 1.55304 8.93951 4.29260 3 -1 
-0.07093 1.14254 0.11707 5.24802 8.23761 4.51465 5 -0.07093 -0.93779 0.11722 5.36143 8.24280 4.53163 -1.21336 -0.11627 0.15202 -8.18573 5.20610 3.96658 -0.07218 -3.72638 0.17262 5.04596 8.37006 3.92724 3 -1 
-0.40879 1.07215 0.25521 10.55868 6.42334 1.10697 6 -0.40879 0.25743 0.25554 10.66547 6.46027 1.12281 -1.04157 -0.45257 0.18891 -6.68610 10.42664 -0.16456 -0.48760 -1.08713 0.38387 10.31324 6.33911 -0.36183 3 -1 
-0.23477 -1.41789 -0.17196 7.44745 5.41687 -6.21033 7 -0.23477 -3.80543 -0.17140 7.30640 5.44281 -6.23169 1.52882 -0.27810 -0.34713 -5.33539 7.35935 -6.97021 -0.23789 -3.18750 -0.16512 7.68213 5.62714 -7.12280 3 -1 
-0.13037 -2.59892 -0.82397 4.78693 6.26038 -2.87579 8 -0.13037 -2.71844 -0.82395 4.52811 6.28601 -2.91454 2.50729 -0.13539 -0.86806 -6.17889 4.96782 -3.69346 -0.26463 0.07409 -0.79602 5.12696 6.45844 -3.59787 3 -1 
-0.48734 -2.36642 0.28813 4.32473 4.17694 3.23689 9 -0.48734 -0.82099 0.28738 4.08925 4.22119 3.20102 2.41005 -0.43290 0.19385 -4.43268 4.50557 2.36519 -0.36889 0.17932 0.29404 4.55612 4.08630 2.67558 3 -1 
-0.49378 0.24270 0.78079 5.42452 4.65515 5.58594 10 -0.49378 -0.67619 0.78124 5.44863 4.69269 5.58960 -0.27352 -0.56240 0.71636 -4.52606 5.26489 4.62219 -0.54067 -0.67031 0.81675 5.42757 4.75983 4.65515 3 -1 
-0.27556 1.35204 0.46084 6.87780 5.35553 2.23252 11 -0.27556 0.68125 0.46102 7.01188 5.37598 2.25236 -1.41616 -0.28196 0.43832 -5.06836 6.76693 1.19637 -0.30045 -0.36740 0.47216 6.83203 5.20691 1.28776 3 -1 
-0.35745 1.90167 -0.14179 5.30019 4.12140 -5.16957 12 -0.35745 0.41637 -0.14126 5.48906 4.15924 -5.14087 -1.99915 -0.38836 -0.19403 -3.89893 5.01691 -6.15841 -0.42943 -0.58515 -0.04371 4.91933 4.06372 -6.04983 3 -1 
-0.94310 0.00365 0.38994 3.39851 7.76672 -8.49426 1 -0.94311 -3.55364 0.39329 3.39882 7.87689 -8.49426 0.00000 0.00000 0.00000 0.00000 0.00000 0.00000 -0.95334 -2.72734 0.53619 3.62206 6.93359 -10.16235 4 -1 
-0.88257 -1.45133 0.53437 2.38403 5.74097 -5.65651 2 -0.88258 -5.22089 0.53770 2.23921 5.85114 -5.59545 0.00000 0.00000 0.00000 0.00000 0.00000 0.00000 -0.94130 -4.37770 0.51156 2.24798 4.65454 -7.54498 4 -1 
-0.19824 -1.68156 1.14266 2.24423 8.89282 -0.22379 3 -0.19825 -10.89833 1.14449 2.07649 8.96057 -0.15360 0.00000 0.00000 0.00000 0.00000 0.00000 0.00000 -0.41127 -11.57149 1.15704 2.46645 8.88794 -2.68694 4 -1 
0.34577 -0.86325 0.93922 5.11246 8.61877 2.26318 4 0.34577 -3.78182 0.93821 5.02655 8.58429 2.26318 0.00000 0.00000 0.00000 0.00000 0.00000 0.00000 0.35099 -4.10052 0.78864 5.20416 8.83545 1.45996 4 -1 
-0.16927 -2.45888 0.21105 3.45337 9.36493 2.03186 13 -0.16927 -2.27820 0.21102 3.20877 9.38171 2.03125 0.00000 0.00000 0.00000 0.00000 0.00000 0.00000 -0.20414 -2.26671 0.08687 3.69156 9.13025 1.29456 4 -1 
0.51042 -0.03042 -0.23518 6.48702 7.21802 6.16383 5 0.51042 -1.59508 -0.23598 6.48448 7.17712 6.16248 0.00000 0.00000 0.00000 0.00000 0.00000 0.00000 -0.04128 -2.33393 -0.20732 6.52569 7.49451 2.70785 4 -1 
0.19857 0.04951 -0.90947 6.81456 10.42694 0.88483 6 0.19857 -2.31270 -0.90994 6.81992 10.44556 0.88652 0.00000 0.00000 0.00000 0.00000 0.00000 0.00000 -0.09341 -3.21243 -0.85215 6.94520 10.72174 -1.25978 4 -1 
-0.01613 -0.00282 -0.30920 7.44080 6.69983 -2.54456 7 -0.01613 1.04458 -0.30921 7.44049 6.71417 -2.54456 0.00000 0.00000 0.00000 0.00000 0.00000 0.00000 -0.01180 -1.27451 -0.37557 7.63206 6.59882 -4.36035 4 -1 
-0.65349 -1.69053 -0.38405 4.25283 1.56677 -1.88803 8 -0.65349 -1.02261 -0.38449 4.08418 1.64795 -1.95981 0.00000 0.00000 0.00000 0.00000 0.00000 0.00000 -0.80658 -1.77322 -0.43079 4.61726 1.79840 -3.45653 4 -1 
-0.60472 -1.84727 0.61555 4.43225 5.89233 3.24048 9 -0.60472 -0.69441 0.61486 4.24851 5.95245 3.24011 0.00000 0.00000 0.00000 0.00000 0.00000 0.00000 -0.61341 -0.32582 0.67971 4.55125 6.18622 1.88202 4 -1 
-0.47470 -0.24513 0.74740 5.49942 6.30249 3.65173 10 -0.47471 -6.10594 0.75019 5.47501 6.36536 3.65662 0.00000 0.00000 0.00000 0.00000 0.00000 0.00000 -0.69877 -5.07710 0.67105 5.32059 6.85852 2.79541 4 -1 
-0.11422 0.25594 0.80699 5.17151 4.60358 6.25061 14 -0.11422 0.73581 0.80693 5.19699 4.59808 6.25610 0.00000 0.00000 0.00000 0.00000 0.00000 0.00000 -0.13050 -0.93131 0.73519 5.17578 4.14154 5.50720 4 -1 
-0.33979 1.68654 0.23122 8.44360 3.09296 2.23766 11 -0.33979 3.56164 0.23058 8.61121 3.12683 2.23744 0.00000 0.00000 0.00000 0.00000 0.00000 0.00000 -0.33594 3.32277 0.24363 8.20637 3.01910 0.78184 4 -1 
-0.20375 0.59124 0.45221 3.89577 2.19513 -5.28832 12 -0.20375 -3.48405 0.45304 3.95440 2.23450 -5.31297 0.00000 0.00000 0.00000 0.00000 0.00000 0.00000 -0.20502 -3.07799 0.47932 3.42305 1.82892 -6.66986 4 -1 
0.12760 0.00462 0.68823 -0.93296 1.89733 -10.23773 1 0.12760 2.39088 0.68854 -0.93243 1.87133 -10.23773 0.04854 0.10354 0.68432 -2.14488 -1.04828 -11.66168 0.21560 2.74743 0.80163 -1.05190 2.12605 -11.98517 1 0 
0.24180 2.87198 0.15473 6.34343 1.78953 9.76461 5 0.24180 4.40361 0.15510 6.68099 1.75870 9.81004 -2.79138 0.33024 0.20345 -2.18891 6.21708 8.47734 0.27988 4.74590 0.19751 5.70741 1.84318 8.26381 1 0 
-0.58632 -3.71145 -0.14465 -1.56268 -0.18213 4.88468 9 -0.58632 -2.73611 -0.14522 -1.99878 -0.11086 4.82460 3.90175 -0.49283 -0.12276 0.10644 -1.56761 2.62973 -0.48987 -3.06651 -0.19178 -1.10519 -0.34405 2.17150 1 0 
-0.02661 3.48038 0.36008 6.91569 -1.68000 -1.47204 2 -0.02661 4.86914 0.36005 7.32460 -1.67096 -1.52843 -3.42595 -0.08314 0.53759 1.28526 6.89703 -2.64639 -0.07737 5.19898 0.48584 6.51917 -1.54061 -2.92269 1 0 
-0.00771 -2.29029 -0.05368 -7.87493 0.80493 1.86528 6 -0.00771 -2.16915 -0.05368 -8.14415 0.80500 1.90161 2.24315 -0.07326 0.03230 -0.86617 -7.50660 -0.59489 0.05368 -1.54362 -0.02827 -7.52512 1.14163 -0.83052 1 0 
0.28972 1.26860 -0.84070 -2.86343 1.51004 9.63226 10 0.28972 1.67807 -0.84058 -2.71442 1.46242 9.61182 -1.24163 0.36010 -0.73296 -1.63861 -3.02437 7.11060 0.39022 1.23167 -0.76369 -2.97115 1.39198 6.81549 1 0 
-0.44306 1.87160 0.27742 7.35363 -0.74743 8.48576 3 -0.44306 2.40281 0.27718 7.57359 -0.69087 8.45567 -1.79940 -0.52265 0.37992 0.58975 7.04709 7.46074 -0.47425 2.47063 0.37180 7.09062 -0.29003 7.06983 1 0 
-0.23044 -2.00357 -0.47838 -3.19721 -5.47740 -6.05011 7 -0.23044 -1.26303 -0.47855 -3.43266 -5.45786 -6.01837 2.08197 -0.21449 -0.43543 5.21398 -3.21285 -7.33704 -0.21144 -1.04384 -0.34132 -2.95807 -5.42662 -7.97119 1 0 
0.30482 -4.31351 0.41961 -4.87695 0.57327 4.22533 11 0.30482 -3.82382 0.41976 -5.38405 0.54396 4.29340 4.37437 0.33067 0.55210 -0.64047 -4.72164 2.42585 0.34978 -3.91331 0.44349 -4.42818 0.77375 2.09031 1 0 
0.17219 -0.22658 0.41723 -1.48304 3.84465 13.44238 4 0.17219 -1.41587 0.41702 -1.50967 3.81773 13.43872 0.29757 0.21807 0.52483 -3.98235 -1.30577 12.12250 0.18508 -1.53924 0.40677 -1.40335 3.80557 11.37329 1 0 
0.16277 -4.48916 -0.42741 -2.28297 13.56170 -4.84869 8 0.16277 -3.77483 -0.42729 -2.81019 13.54964 -4.92171 4.52180 0.17725 -0.40545 -13.33258 -2.13431 -6.00966 0.21097 -2.36807 -0.32863 -1.73267 13.48287 -6.35465 1 0 
0.13409 3.55023 0.55878 5.73105 1.32375 -6.48470 12 0.13409 4.60825 0.55892 6.14824 1.29929 -6.42849 -3.63697 0.24996 0.61681 -1.11783 5.36831 -8.82607 0.20030 4.33256 0.71162 5.36063 1.42460 -9.09445 1 0 
-0.44743 0.00336 0.30672 -1.70515 2.78253 -11.37634 1 -0.44743 -0.38656 0.30689 -1.70477 2.84553 -11.37665 0.17445 -0.30609 0.62085 -2.84493 -1.32832 -11.80054 -0.37730 -1.91850 0.44175 -2.00035 2.85945 -12.24304 2 0 
0.16324 2.23017 0.06321 6.82743 4.59830 9.04927 5 0.16324 -0.58290 0.06275 7.08947 4.58129 8.97304 -2.36769 0.09047 0.58252 -3.28016 7.17359 8.47024 0.08154 -0.32205 -0.00548 6.50728 3.11839 8.09132 2 0 
-0.58989 -3.51540 0.00730 0.00841 13.48950 2.93037 9 -0.58990 -7.11427 0.00943 -0.40479 13.55906 3.04913 3.56794 -0.49648 0.59599 -13.11548 0.35258 2.41056 -0.51543 -5.56231 -0.02345 0.18902 12.78809 2.07862 2 0 
-0.03390 3.47187 0.70253 6.38344 -1.22123 -3.59306 2 -0.03390 -0.05192 0.70265 6.79163 -1.24085 -3.47580 -3.22923 0.12720 0.37475 1.57516 5.59510 -4.39743 0.14363 0.03998 0.47467 5.03299 -1.31249 -4.71104 2 0 
-0.35396 -2.07602 0.27285 -7.86006 0.28250 0.56872 6 -0.35397 -5.57507 0.27408 -8.10358 0.31475 0.49789 2.12666 -0.60737 -0.21029 0.25891 -8.23972 0.09301 -0.57820 -3.90606 0.05678 -8.06227 -0.38580 -0.38332 2 0 
-0.15799 1.27279 -0.22632 -2.00186 2.87334 8.26202 10 -0.15799 0.88288 -0.22626 -1.85228 2.89956 8.30536 -1.35209 -0.09298 -0.37974 -2.45071 -2.72352 7.56775 0.00413 -0.44338 -0.23141 -2.26690 2.31726 6.99707 2 0 
-0.15302 2.98751 1.31183 6.85203 -1.84843 6.34072 3 -0.15302 0.18373 1.31226 7.20334 -1.87459 6.44200 -3.02558 -0.41438 1.06273 2.15018 6.11072 5.71226 -0.18025 0.01775 1.05595 5.74890 -2.04638 5.29919 2 0 
0.45025 -1.41956 0.38194 -3.55421 0.23263 -6.95251 7 0.45025 -1.73225 0.38180 -3.72097 0.16667 -7.00104 1.64461 0.42564 -0.08726 0.23951 -3.85191 -7.26624 0.41417 -2.97267 0.21607 -3.94297 -0.09326 -7.99927 2 0 
0.48371 -3.19317 0.46544 -4.43862 2.18442 3.01353 11 0.48371 -3.11526 0.46547 -4.81351 2.11158 2.90421 3.41354 0.29107 0.54360 -1.32381 -4.63633 2.33028 0.41224 -3.50915 0.42432 -4.03849 1.31393 2.01471 2 0 
-0.09295 -1.29935 -0.01523 0.12043 3.57125 11.64886 4 -0.09295 -1.66436 -0.01520 -0.03225 3.58166 11.69281 1.43277 0.16164 -0.22771 -1.08038 -0.40798 11.13464 0.02573 -0.95498 -0.00019 0.01562 1.71892 10.79895 2 0 
-0.25746 -3.95318 -0.06537 0.01875 15.34970 -5.99963 8 -0.25747 -7.08285 -0.06456 -0.44604 15.37776 -5.86625 3.97888 -0.22769 0.41395 -14.06588 0.78487 -6.38135 -0.16655 -6.30105 -0.17786 0.51479 14.28432 -6.94252 2 0 
-0.37653 3.45335 0.39715 5.89130 2.42329 -7.08392 12 -0.37653 0.82496 0.39814 6.29682 2.48120 -7.20218 -3.23705 -0.51324 0.77294 -1.43614 6.07839 -7.96400 -0.53956 0.57129 0.30250 5.36570 1.10091 -8.51607 2 0 
0.35004 0.00401 0.76265 -1.22759 1.33925 -11.05591 1 0.35004 -2.73466 0.76169 -1.22717 1.29298 -11.05591 0.06804 0.35134 0.65851 -1.34839 -1.39629 -11.67603 0.38177 -2.14118 0.79683 -1.20066 1.62940 -12.03064 3 0 
1.06832 2.08753 -0.38717 7.80883 4.78854 9.31570 5 1.06832 1.21982 -0.38809 8.01606 4.68797 9.34687 -2.19414 1.08089 -0.52968 -4.23825 7.32210 8.41833 1.04564 1.10991 -0.32532 7.39842 5.07603 8.51452 3 0 
-0.22625 -3.13571 0.50900 1.58337 1.60303 4.81367 9 -0.22625 -6.34164 0.50973 1.27118 1.61775 4.76663 3.08296 -0.20280 0.12118 -0.88436 2.03592 3.98467 -0.20229 -4.33890 0.24016 2.41123 0.85057 3.78201 3 0 
-0.50538 2.28235 1.28560 3.99678 -2.34398 -3.53151 2 -0.50538 0.05541 1.28673 4.22390 -2.27412 -3.56600 -2.09481 -0.52705 1.20250 2.34103 3.72466 -4.19605 -0.57129 0.77918 1.27952 3.72197 -1.84423 -4.49290 3 0 
-0.17600 -2.44440 -0.10641 -7.79795 11.39360 0.02261 6 -0.17601 -5.28964 -0.10591 -8.04133 11.40954 0.05882 2.54389 -0.27951 -0.26571 -10.43298 -7.89150 -0.60208 -0.25223 -4.95352 -0.20814 -7.57719 10.56106 -0.76874 3 0 
0.59753 0.72152 0.29883 -5.65001 0.08094 8.61877 10 0.59753 -0.07974 0.29835 -5.57819 0.02599 8.60779 -0.68945 0.58762 0.28844 -0.18411 -5.89212 7.69348 0.61318 -0.66632 0.35547 -5.88949 0.42615 7.61658 3 0 
-0.15613 3.19002 0.31518 3.88404 -1.71862 5.41632 3 -0.15613 1.94228 0.31537 4.20107 -1.69826 5.36789 -3.20196 -0.18155 0.27179 2.52094 3.53484 4.35921 -0.40056 3.19624 0.37575 3.46515 -1.96156 4.09568 3 0 
0.59865 -0.00346 -0.41002 -3.93435 -0.60011 -8.28857 7 0.59865 -2.39339 -0.41145 -3.93473 -0.66582 -8.28796 0.06732 0.45168 -0.59025 0.69942 -4.12626 -9.01794 0.44128 -1.60867 -0.35704 -4.08100 -0.70191 -9.40735 3 0 
0.25551 -2.00474 -0.17669 -7.30019 0.87397 2.80055 11 0.25552 -3.65357 -0.17711 -7.49969 0.84593 2.83055 2.06302 0.29264 -0.26179 -0.44247 -7.25924 1.79945 0.17931 -1.71810 -0.17525 -7.06038 0.94905 1.76203 3 0 
0.08104 -1.01822 0.42831 1.51930 4.05993 12.97607 4 0.08104 -1.39613 0.42828 1.41798 4.04540 12.96082 0.87449 0.11822 0.36428 -3.96830 1.59483 11.89026 0.03674 0.56039 0.44564 1.74692 4.22035 11.95923 3 0 
-0.34963 -2.97119 -0.10674 0.11746 0.92165 -4.13859 8 -0.34963 -3.96215 -0.10639 -0.17837 0.95807 -4.18345 2.93735 -0.45761 -0.21089 -0.59267 0.20713 -5.16858 -0.45312 -3.80995 -0.06779 0.41665 0.78432 -5.22682 3 0 
-0.32921 2.96166 0.39024 6.76778 -1.08527 -7.16038 12 -0.32921 1.40686 0.39075 7.06265 -1.05825 -7.11629 -2.97755 -0.40109 0.28242 1.84106 6.33778 -8.21490 -0.43025 0.59797 0.43357 6.32012 -1.52165 -8.12572 3 0 
0.04166 0.00309 0.73908 2.07108 0.87643 -10.45227 1 0.04166 -3.64964 0.73893 2.07138 0.90332 -10.45227 0.00000 0.00000 0.00000 0.00000 0.00000 0.00000 -0.25248 -2.80372 0.70449 2.45544 0.27893 -12.83264 4 0 
-0.25141 1.69141 0.28795 1.13382 -2.43677 -5.16329 2 -0.25141 6.92587 0.28663 1.30236 -2.42380 -5.09206 0.00000 0.00000 0.00000 0.00000 0.00000 0.00000 -0.40661 8.08262 0.29667 0.87374 -2.32619 -7.55463 4 0 
0.26649 3.03119 0.27273 1.12041 10.97880 2.39775 3 0.26649 0.55223 0.27207 1.42250 10.94091 2.52428 0.00000 0.00000 0.00000 0.00000 0.00000 0.00000 -0.01988 -0.97403 0.30900 0.81761 11.13112 0.34619 4 0 
0.05323 -0.57298 -0.57933 4.66660 4.98560 7.73193 4 0.05323 -3.12018 -0.57947 4.60953 4.98034 7.73193 0.00000 0.00000 0.00000 0.00000 0.00000 0.00000 0.14223 -4.54436 -0.54093 4.70673 4.97188 6.93481 4 0 
-0.01960 -0.30995 -0.26484 4.32358 3.90207 10.34607 13 -0.01960 -0.00848 -0.26485 4.29276 3.90403 10.34607 0.00000 0.00000 0.00000 0.00000 0.00000 0.00000 -0.03005 -0.70762 -0.24124 4.30695 4.53480 9.73206 4 0 
0.25469 1.04169 -0.32151 7.77016 3.96203 8.56207 5 0.25469 2.04064 -0.32125 7.87422 3.95016 8.60559 0.00000 0.00000 0.00000 0.00000 0.00000 0.00000 0.17537 2.08716 -0.30524 7.69608 4.03553 6.59905 4 0 
-0.46495 -1.44776 -0.77984 -8.46105 -0.29397 -0.61506 6 -0.46495 -1.49094 -0.77982 -8.60534 -0.28035 -0.55431 0.00000 0.00000 0.00000 0.00000 0.00000 0.00000 -0.54334 -1.46528 -0.84495 -8.51917 -0.89795 -2.82692 4 0 
-0.83649 -0.00338 -0.55682 -4.73930 -1.38460 -6.28235 7 -0.83650 -4.98796 -0.55265 -4.73961 -1.32476 -6.28174 0.00000 0.00000 0.00000 0.00000 0.00000 0.00000 -0.89565 -4.44985 -0.50084 -4.50394 -1.66023 -7.89246 4 0 
-0.15367 0.30346 -0.15734 0.86592 0.91950 -7.65057 8 -0.15367 -0.61938 -0.15720 0.89565 0.94139 -7.63814 0.00000 0.00000 0.00000 0.00000 0.00000 0.00000 -0.34677 -2.27197 -0.11905 1.06285 1.06414 -9.74539 4 0 
-0.64369 -3.04657 -0.33167 2.36767 -2.71979 5.68301 9 -0.64368 -2.22128 -0.33220 2.06443 -2.65564 5.68272 0.00000 0.00000 0.00000 0.00000 0.00000 0.00000 -0.44393 -2.61454 -0.30858 2.79315 -2.74492 3.99758 4 0 
-0.23253 0.83538 0.15103 -7.25677 3.54144 7.07275 10 -0.23253 -0.97308 0.15145 -7.17361 3.56142 7.09045 0.00000 0.00000 0.00000 0.00000 0.00000 0.00000 -0.13890 -1.06414 0.06867 -7.35901 2.99762 5.83557 4 0 
0.50941 -4.59608 0.35554 -5.81802 -1.34609 4.55017 14 0.50943 -10.05915 0.35275 -6.27563 -1.38947 4.64539 0.00000 0.00000 0.00000 0.00000 0.00000 0.00000 0.34315 -7.56328 0.28343 -5.22263 -2.44450 3.51379 4 0 
0.51366 -1.24003 -0.34429 -8.13246 2.23592 2.91275 11 0.51366 -0.34429 -0.34383 -8.25575 2.18485 2.91205 0.00000 0.00000 0.00000 0.00000 0.00000 0.00000 0.52607 0.47723 -0.30290 -7.96528 2.22887 1.25721 4 0 
-0.12950 1.87035 -0.30834 6.88576 -1.39216 -5.90049 12 -0.12950 1.73639 -0.30832 7.07178 -1.39228 -5.97915 0.00000 0.00000 0.00000 0.00000 0.00000 0.00000 -0.32706 2.18074 -0.26735 6.63456 -1.94732 -7.99774 4 0 
0.30982 0.00348 1.04019 -1.44672 3.27637 -6.32996 1 0.30982 -0.43271 1.04006 -1.44630 3.25653 -6.32996 0.13091 0.31399 1.06321 -3.71582 -1.41903 -7.63214 0.32580 -0.27370 1.05877 -1.37955 3.48816 -8.07343 1 1 
1.04131 3.47798 -0.41751 3.54494 4.34967 -3.22468 2 1.04131 2.96123 -0.41805 3.95346 4.22058 -3.28130 -3.25827 1.04344 -0.32781 -4.28925 3.21194 -4.76552 1.11581 3.89706 -0.41080 3.05465 4.10339 -5.09701 1 1 
-0.63920 1.73968 0.78339 4.53877 0.79254 3.50226 3 -0.63920 1.73741 0.78339 4.74313 0.88043 3.47413 -1.71589 -0.56779 0.82144 -0.28625 4.62099 1.95856 -0.55757 2.34771 0.85575 4.43795 0.51056 1.56737 1 1 
-0.31889 0.28427 0.19873 -0.31582 1.62262 8.04382 4 -0.31889 0.43151 0.19868 -0.28244 1.66321 8.03925 -0.19235 -0.28847 0.35095 -1.47186 -0.88753 5.66162 -0.28401 0.48646 0.34215 -0.94894 1.42670 5.32837 1 1 
-0.04561 -1.64103 0.60123 -4.44711 3.23700 5.05705 5 -0.04561 -1.31767 0.60121 -4.63995 3.25195 5.08314 1.85656 0.12997 0.71868 -3.44574 -4.32588 3.89157 0.06773 -1.15201 0.66788 -4.23195 3.32031 3.49510 1 1 
-0.18737 -0.97521 -0.34196 -4.21621 2.45911 0.70084 6 -0.18737 -1.64801 -0.34183 -4.33082 2.47559 0.71627 1.03820 -0.18889 -0.27597 -2.08893 -4.34060 -1.25533 -0.11812 -2.64348 -0.21193 -4.17365 2.35687 -1.66745 1 1 
0.19875 -0.00316 0.56541 -2.18849 4.82697 -4.22729 7 0.19875 0.13616 0.56543 -2.18884 4.81262 -4.22729 0.10908 0.16894 0.51263 -4.59106 -2.08321 -5.63812 0.24767 4.01277 0.59516 -2.03426 4.51813 -6.07178 1 1 
-0.28000 2.98209 0.11025 1.98593 2.19727 -0.34402 8 -0.28000 1.00859 0.11080 2.33624 2.23206 -0.39231 -3.04090 -0.28452 0.20193 -2.34497 1.77191 -2.06531 -0.29328 -1.80069 0.16030 1.88258 2.84576 -2.23046 1 1 
0.29151 1.92290 0.25798 -0.24415 2.47742 5.24881 9 0.29151 3.47613 0.25843 -0.01808 2.44720 5.21801 -1.84477 0.29519 0.34487 -2.43805 -0.45151 4.06751 0.30894 2.69373 0.39103 -0.45042 2.58270 3.61407 1 1 
0.42209 1.68646 0.38578 -4.08081 4.72870 6.61133 10 0.42209 1.71252 0.38579 -3.88268 4.68536 6.58417 -1.42524 0.43358 0.44152 -4.99390 -4.32076 5.74371 0.42506 1.02228 0.48810 -4.25819 5.02686 5.08392 1 1 
0.23195 -1.98896 0.02110 -7.56456 4.60449 2.79275 11 0.23195 -0.38069 0.02147 -7.79819 4.57764 2.82418 2.06407 0.26202 0.13475 -4.58984 -7.64569 1.75499 0.21751 -1.10137 0.16451 -7.34204 4.56512 1.33160 1 1 
0.61916 -1.55993 0.80741 -8.58513 5.09735 -5.24250 12 0.61916 0.44190 0.80865 -8.76849 5.03754 -5.21768 1.62833 0.59470 0.94335 -4.77753 -8.52672 -6.48808 0.57875 -0.42577 0.94409 -8.31160 4.89227 -6.67395 1 1 
0.26858 1.41781 0.35057 -2.16812 6.29608 -9.40247 1 0.26858 -0.68929 0.35000 -2.00150 6.25244 -9.35455 -1.13129 0.34223 1.27881 -7.56226 -0.83612 -10.00793 0.20122 1.54797 0.21684 -2.89038 6.25824 -10.42969 2 1 
-0.03250 2.78265 0.84474 3.57435 3.22052 -4.66447 2 -0.03250 0.51859 0.84481 3.90149 3.19611 -4.57038 -3.01966 -0.17492 0.82028 -2.34039 2.91400 -5.50312 -0.37372 0.97009 0.70252 3.03163 1.47949 -6.29891 2 1 
-0.54333 2.71186 0.34964 3.70851 2.37946 1.46239 3 -0.54333 1.53597 0.35028 4.02711 2.43164 1.55402 -2.71156 -0.31481 0.66448 -1.88660 3.60024 0.74507 -0.33703 1.42446 0.18507 3.32521 0.50598 0.26992 2 1 
-0.37598 0.82993 -0.48443 -0.13329 0.83923 5.08240 4 -0.37598 -0.10006 -0.48408 -0.03576 0.89996 5.11047 -0.58979 -0.41992 0.43230 -2.03278 -0.20012 4.68445 -0.19367 -0.76761 -0.12032 -0.43949 0.52917 4.12292 2 1 
-0.43752 -1.59984 -0.09810 -3.91023 2.44324 5.11013 5 -0.43752 -4.15640 -0.09698 -4.09823 2.49786 5.05550 1.16706 -0.50248 0.08764 -1.63452 -3.79675 4.17839 -0.54631 -1.88095 -0.16572 -3.79613 0.67413 3.75588 2 1 
-0.43738 -1.16078 -0.15646 -4.34422 4.19617 -0.29968 6 -0.43739 -3.08861 -0.15562 -4.48070 4.25262 -0.33893 1.14665 -0.56210 -0.17396 -3.59314 -4.45001 -0.89369 -0.39297 -2.12182 -0.22994 -4.37137 3.73840 -1.43984 2 1 
0.17703 -0.00443 -0.26159 -3.17129 0.11322 -5.41016 7 0.17703 -2.03444 -0.26195 -3.17184 0.10132 -5.41046 0.16965 0.02506 -0.06744 -0.73120 -3.53159 -5.89905 -0.07860 -0.81781 -0.43127 -3.39252 -0.25574 -6.58325 2 1 
-0.17592 3.71278 0.14723 0.96032 5.39581 -2.42076 8 -0.17592 1.50807 0.14762 1.39673 5.41138 -2.29531 -3.65336 -0.23944 0.25144 -5.43060 0.29738 -3.14814 -0.22158 2.10003 0.02093 0.40725 5.20325 -3.55480 2 1 
-0.04882 2.82956 0.15739 0.29170 3.11554 4.03063 9 -0.04882 -0.68102 0.15757 0.62436 3.11615 4.12647 -2.94292 -0.02294 0.15019 -2.77557 -0.50050 3.24443 0.00128 -0.05188 0.10882 -0.02958 3.04932 2.81009 2 1 
0.29052 0.95083 0.72994 -4.67999 7.15393 5.79254 10 0.29052 -2.08536 0.72906 -4.56823 7.09503 5.82489 -1.00059 0.13991 0.63375 -6.65100 -5.28933 5.29724 0.33850 -2.86783 0.62798 -4.83797 6.39587 4.79553 2 1 
0.13192 -1.83524 0.36996 -3.88484 5.84656 2.03330 11 0.13192 -2.56507 0.36986 -4.10037 5.81818 1.97053 1.52446 0.01662 0.43112 -5.49042 -4.29096 1.49436 -0.12643 -3.55865 0.27423 -3.66863 5.36285 1.24439 2 1 
0.77331 -1.48561 0.15964 -4.78996 5.88409 -5.13361 12 0.77332 -4.55255 0.15727 -4.96416 5.78796 -5.18386 1.64572 0.78410 0.11870 -5.70282 -4.79557 -5.87391 0.77446 -3.52485 0.05358 -4.47050 5.63354 -6.24166 2 1 
0.29616 0.00288 0.14087 -1.95692 3.36487 -6.77551 1 0.29616 -2.96559 0.13999 -1.95663 3.33740 -6.77551 0.15607 0.29339 -0.17081 -2.24487 -1.67126 -7.47559 0.30659 -2.17307 0.01932 -1.45731 2.60162 -7.70020 3 1 
0.03392 2.07542 0.62464 2.42454 2.14325 -4.20737 2 0.03392 1.17727 0.62461 2.63098 2.14935 -4.23900 -1.92855 0.01317 0.58272 -2.11914 2.26176 -4.75733 -0.03524 1.10140 0.65965 2.09724 2.60132 -4.81356 3 1 
0.26594 2.85652 0.01709 1.22264 1.04492 2.26966 3 0.26594 1.81636 0.01682 1.50692 1.01868 2.22676 -2.83856 0.24522 -0.01132 -0.76385 0.87150 1.26229 0.30294 1.11037 0.07886 0.75743 1.13800 1.07937 3 1 
-0.78433 0.29828 0.10529 -1.84328 1.17462 6.01685 4 -0.78433 -0.35428 0.10580 -1.81362 1.25427 6.01196 -0.25629 -0.56138 0.09456 -1.13251 -1.98921 5.26245 -0.70266 -0.91853 0.12071 -1.93930 2.76215 5.03296 3 1 
0.15836 -0.94622 -0.51619 -4.64306 2.07916 5.15993 5 0.15836 -0.51558 -0.51612 -4.73745 2.05566 5.17450 0.81879 0.08167 -0.59280 -1.77460 -4.66909 4.10395 0.04161 -3.48266 -0.52412 -4.57621 2.22168 3.92782 3 1 
-0.06085 -1.28614 -0.18136 -7.12032 3.59772 0.28259 6 -0.06085 -2.29395 -0.18130 -7.24852 3.60107 0.30164 1.28601 -0.04988 -0.21073 -3.09753 -7.14928 -0.86497 -0.08426 -4.21457 -0.15947 -6.99990 3.48022 -0.82718 3 1 
0.70852 -0.00330 -0.48125 -3.95008 4.61884 -4.22546 7 0.70853 -2.44739 -0.48298 -3.95044 4.54132 -4.22546 0.05269 0.72118 -0.62674 -4.09302 -4.15941 -4.94446 0.68179 -3.47764 -0.51517 -3.90169 4.42017 -5.38147 3 1 
-0.04115 2.71551 0.04760 -0.76872 3.44543 -1.78500 8 -0.04115 0.85198 0.04768 -0.49883 3.45032 -1.82582 -2.70379 -0.08323 -0.04909 -3.07159 -1.15295 -2.58616 -0.06452 -0.03805 0.11657 -1.21589 3.56659 -2.81772 3 1 
0.72645 2.46662 -1.13000 -2.13836 3.32947 5.14819 9 0.72646 3.54345 -1.12921 -1.89312 3.24005 5.11091 -2.61023 0.84793 -1.16761 -3.48816 -2.31641 4.16352 0.71452 6.23756 -1.10959 -2.44361 4.19006 4.19467 3 1 
0.24738 0.26266 -0.40533 -7.37480 5.00458 7.24792 10 0.24738 0.84397 -0.40518 -7.34867 4.97406 7.24426 -0.10866 0.33414 -0.42063 -4.53247 -7.36549 6.55090 0.13151 -0.38343 -0.33859 -7.45314 4.78577 6.26404 3 1 
0.61927 -1.40318 0.02922 -6.30333 6.30127 1.78682 11 0.61927 -1.75799 0.02900 -6.44294 6.23993 1.80770 1.67551 0.56968 0.03881 -6.14594 -6.15641 1.20704 0.64837 -3.95133 0.03695 -6.01608 6.11115 1.17882 3 1 
0.36511 -1.47509 0.20865 -7.05354 4.12109 -5.85296 12 0.36511 -3.18503 0.20803 -7.20016 4.08783 -5.83103 1.56939 0.45471 0.16989 -3.90991 -7.04986 -6.92141 0.44017 -3.92431 0.25659 -6.96078 4.08997 -6.98623 3 1 
0.82752 0.00334 0.02361 -4.58496 4.90784 -7.36389 1 0.82752 -1.49399 0.02237 -4.58458 4.82452 -7.36389 0.00000 0.00000 0.00000 0.00000 0.00000 0.00000 0.68850 -2.57233 0.03486 -4.46068 4.90875 -9.35364 4 1 
0.92077 1.48029 -0.93100 -1.46069 2.31995 -5.08536 2 0.92078 1.95971 -0.93055 -1.31350 2.26715 -5.02293 0.00000 0.00000 0.00000 0.00000 0.00000 0.00000 0.59707 1.21494 -0.92157 -1.63900 2.60742 -7.55423 4 1 
1.02450 1.93885 -1.22786 -1.72672 -1.05164 2.86739 3 1.02450 3.58296 -1.22618 -1.53346 -1.10199 2.94822 0.00000 0.00000 0.00000 0.00000 0.00000 0.00000 0.66425 2.17788 -1.13165 -1.78567 -0.73425 -0.69785 4 1 
0.79016 2.07971 -0.39122 -3.72742 3.18359 5.03967 4 0.79016 2.17695 -0.39114 -3.52051 3.10486 5.03906 0.00000 0.00000 0.00000 0.00000 0.00000 0.00000 0.63106 1.37176 -0.46872 -3.93112 2.97363 4.17297 4 1 
-0.39851 0.50462 0.18188 -3.33557 -0.30731 6.02356 13 -0.39851 -1.68861 0.18276 -3.28537 -0.26764 6.02356 0.00000 0.00000 0.00000 0.00000 0.00000 0.00000 -0.25816 -1.57356 0.08535 -3.39340 -0.65002 5.40771 4 1 
-0.36336 -0.34736 -0.46508 -4.87708 1.53809 6.05661 5 -0.36336 -3.29513 -0.46400 -4.91212 1.55457 6.07091 0.00000 0.00000 0.00000 0.00000 0.00000 0.00000 -0.47567 -5.18622 -0.46077 -5.35075 1.45233 3.56098 4 1 
-0.17014 -0.74901 -0.90773 -6.79293 2.93457 -0.53156 6 -0.17014 -2.03013 -0.90752 -6.86789 2.91321 -0.50027 0.00000 0.00000 0.00000 0.00000 0.00000 0.00000 -0.35720 -2.40444 -1.00933 -6.60167 2.69043 -2.43845 4 1 
-0.14322 0.15703 -0.69908 -4.34288 6.98792 -4.14307 7 -0.14322 -4.03835 -0.69848 -4.32724 6.97296 -4.14978 0.00000 0.00000 0.00000 0.00000 0.00000 0.00000 -0.10590 -4.39904 -0.64606 -4.64027 6.87469 -6.49719 4 1 
0.27068 1.80356 -0.52650 -4.67307 4.68658 -0.56324 8 0.27068 0.26027 -0.52692 -4.49349 4.63745 -0.63928 0.00000 0.00000 0.00000 0.00000 0.00000 0.00000 0.14082 0.42234 -0.64540 -4.13740 4.70398 -2.32600 4 1 
-0.19838 4.08001 0.27420 -2.59969 3.35632 6.47804 9 -0.19838 4.02958 0.27421 -2.19369 3.37616 6.47691 0.00000 0.00000 0.00000 0.00000 0.00000 0.00000 -0.19410 4.42078 0.32810 -3.21194 3.43536 4.89269 4 1 
-0.53031 -1.03450 -0.92285 -8.58643 14.44122 5.15442 10 -0.53031 0.62283 -0.92373 -8.68927 14.51355 5.13245 0.00000 0.00000 0.00000 0.00000 0.00000 0.00000 -0.41832 0.52569 -0.96618 -8.43277 14.32556 4.38110 4 1 
-0.41982 1.82555 -1.00893 -7.20032 8.54584 5.25452 14 -0.41983 -3.44473 -1.00672 -7.01859 8.56628 5.21606 0.00000 0.00000 0.00000 0.00000 0.00000 0.00000 -0.40859 -2.07284 -1.02535 -7.52899 7.15759 4.07776 4 1 
0.81723 -0.47989 0.33693 -11.09057 2.63428 2.89352 11 0.81723 -2.98193 0.33489 -11.13815 2.55310 2.89353 0.00000 0.00000 0.00000 0.00000 0.00000 0.00000 0.85409 -1.17010 0.38722 -10.92572 3.09967 1.40437 4 1 
1.62090 -0.28654 -0.52986 -8.55685 6.38336 -5.64610 12 1.62091 2.07768 -0.52603 -8.58606 6.24420 -5.65884 0.00000 0.00000 0.00000 0.00000 0.00000 0.00000 1.51962 2.03351 -0.57161 -8.42192 6.64551 -7.18852 4 1 
0.03062 0.00317 1.06120 -1.60583 3.43079 -6.92566 1 0.03062 0.13604 1.06120 -1.60545 3.44421 -6.92566 0.03924 0.01855 1.16496 -3.74756 -1.66851 -8.91571 0.03313 -3.22543 1.08702 -1.61789 3.96667 -9.39331 1 2 
-0.45899 2.00076 -0.20517 1.83998 7.30469 -4.79400 2 -0.45899 3.32533 -0.20578 2.07504 7.35535 -4.82638 -2.02017 -0.34696 -0.08319 -7.17468 1.67888 -6.11226 -0.38102 4.55177 -0.13880 1.65141 7.52319 -6.40616 1 2 
-0.63138 2.96447 0.10140 6.12203 6.02783 2.68894 3 -0.63138 2.98530 0.10138 6.47012 6.10352 2.64091 -2.88349 -0.59053 0.16354 -5.96985 6.19292 1.38929 -0.55558 3.69794 0.18680 5.69901 5.99365 0.96686 1 2 
0.35732 0.58389 0.63520 -0.41241 5.79407 6.61774 4 0.35732 1.39698 0.63549 -0.34378 5.76233 6.60858 -0.69551 0.31775 0.73148 -5.39673 -0.45162 4.94110 0.31349 1.68302 0.74278 -0.44441 5.91858 4.77661 1 2 
-0.49151 -1.42959 -0.30014 -4.08860 4.88647 5.25029 5 -0.49151 0.02721 -0.30085 -4.25663 4.93896 5.27309 1.53503 -0.47291 -0.28137 -5.06592 -3.92100 3.95231 -0.48467 2.79350 -0.29601 -3.86338 5.03662 3.45488 1 2 
-0.26014 -1.34492 -0.32427 -4.57971 6.68640 0.41243 6 -0.26014 0.52520 -0.32476 -4.73786 6.71143 0.43362 1.35218 -0.21058 -0.14947 -6.73645 -4.34634 -0.81787 -0.23825 1.00711 -0.20799 -4.42803 6.84143 -1.08328 1 2 
-0.47796 -0.00435 -0.32623 -2.94178 3.17932 -2.92480 7 -0.47796 1.06694 -0.32675 -2.94228 3.22998 -2.92480 0.02323 -0.47924 -0.23618 -3.46497 -2.81040 -4.74304 -0.52611 0.40341 -0.32421 -2.93491 3.14636 -5.21210 1 2 
-0.31725 3.36273 -0.23314 -0.43570 5.77271 0.18153 8 -0.31725 3.38369 -0.23315 -0.04071 5.80627 0.12697 -3.32664 -0.22775 -0.08999 -5.74463 -0.39093 -1.44355 -0.20215 2.38112 -0.16703 -0.79599 5.44678 -1.75424 1 2 
0.39237 2.52379 0.23746 -1.45791 7.53967 4.96994 9 0.39237 2.01568 0.23726 -1.16148 7.49756 4.92917 -2.46152 0.42450 0.32274 -7.75574 -1.42633 3.74901 0.37311 0.18546 0.26510 -1.80710 7.72644 3.48255 1 2 
0.41854 1.32669 0.02798 -5.84084 8.74023 6.89789 10 0.41854 -0.06705 0.02739 -5.68497 8.69202 6.87653 -1.25616 0.44764 0.11697 -8.92273 -6.00727 5.44373 0.41624 0.71204 0.10493 -5.95425 9.21326 5.18372 1 2 
0.00770 -2.10961 0.23011 -6.18679 7.08862 1.36006 11 0.00770 -0.24602 0.23012 -6.43491 7.09167 1.39370 2.14953 0.14898 0.37175 -7.55798 -5.81384 -0.56184 0.07342 0.55738 0.26020 -5.92859 7.35107 -1.11474 1 2 
0.00457 -1.76398 -0.41978 -5.27114 8.88977 -6.14343 12 0.00457 -1.38357 -0.41978 -5.47850 8.88306 -6.11533 1.81680 0.01136 -0.33666 -9.29077 -5.18313 -7.52450 0.03284 0.22978 -0.38158 -5.12173 9.36340 -7.94123 1 2 
-0.09235 -0.33743 0.40205 -1.34018 5.92834 -2.36633 1 -0.09235 -4.33805 0.40242 -1.37983 5.92590 -2.37762 0.36279 -0.26867 -0.06183 -5.92957 -1.21027 -2.54028 -0.26397 -2.60816 0.27591 -1.41325 5.89783 -2.81372 2 2 
-0.12375 2.38765 0.36703 4.99518 6.81641 -5.73259 2 -0.12375 2.33004 0.36703 5.27580 6.81885 -5.65162 -2.28004 -0.16598 0.48194 -6.00342 4.80245 -6.36222 -0.13452 1.83812 0.42149 4.85617 6.21521 -6.94507 2 2 
-0.01988 2.53435 0.64574 5.29384 6.48682 0.87025 3 -0.01988 -0.24887 0.64579 5.59201 6.46790 0.95640 -2.58726 -0.06617 0.82499 -5.57922 5.03188 0.30544 0.01490 -0.70007 0.64192 4.80309 5.87524 -0.20558 2 2 
-0.64607 0.62069 0.27987 0.42679 6.96594 5.10559 4 -0.64607 -2.40262 0.28182 0.49969 7.03247 5.12665 -0.56259 -0.56220 0.27987 -6.01807 -0.11341 4.59778 -0.64186 -1.52107 0.18880 0.31723 6.25366 3.91479 2 2 
-1.63059 -0.93750 0.08956 -2.07391 8.02734 4.98067 5 -1.63060 -3.23448 0.09330 -2.18396 8.21533 4.94850 1.12476 -1.46798 0.15866 -7.27417 -2.25645 4.34987 -1.59008 -4.80097 0.08439 -1.99797 7.33093 3.78834 2 2 
-0.32550 -0.65608 -0.45628 -4.11888 6.25366 -0.32442 6 -0.32550 -2.85427 -0.45556 -4.19582 6.30737 -0.34660 0.86344 -0.37057 -0.26540 -5.36194 -4.37149 -0.82908 -0.25940 -2.51539 -0.45760 -4.03500 5.83008 -1.10687 2 2 
-0.02872 -0.00287 0.42412 -4.50386 5.05798 -4.61975 7 -0.02872 -2.84821 0.42420 -4.50422 5.04700 -4.62006 -0.26524 -0.26018 0.17850 -4.88586 -3.98642 -5.42175 -0.14402 -1.04278 0.22886 -5.03342 4.69727 -5.74158 2 2 
0.01621 3.48545 0.04965 0.25336 6.61682 -2.53539 8 0.01621 2.04320 0.04962 0.66318 6.61377 -2.41788 -3.41222 0.05383 0.02380 -6.30554 -0.27212 -2.76689 0.02049 3.44208 -0.05194 -0.06306 6.68884 -3.51658 2 2 
-0.04977 3.05145 -0.28472 -0.67620 6.74927 3.67253 9 -0.04977 1.54099 -0.28464 -0.31739 6.76514 3.77583 -2.92178 -0.01379 -0.28234 -6.75415 -1.08111 2.88333 0.01026 0.95741 -0.32294 -0.84611 6.70288 2.56159 2 2 
0.34326 0.77332 -0.10600 -4.29914 9.05396 5.62592 10 0.34326 0.44353 -0.10611 -4.20828 9.01733 5.65216 -0.67276 0.19668 0.00401 -9.22668 -4.32316 5.21301 0.17213 -2.08452 -0.17120 -4.37122 9.14185 4.32861 2 2 
0.64963 -1.58622 0.24844 -5.07303 8.76343 1.01605 11 0.64963 -2.44519 0.24788 -5.25942 8.67859 0.96200 1.51674 0.56502 -0.49787 -7.19299 -6.12176 0.49761 0.56995 -2.06892 0.16925 -4.76729 8.52173 0.16149 2 2 
0.14409 -1.86709 0.27685 -3.69987 13.15430 -6.71231 12 0.14409 -4.21956 0.27651 -3.91901 13.12805 -6.77572 1.86704 0.01431 0.32961 -13.19641 -3.63488 -6.95985 -0.11840 -2.96940 0.22866 -3.37495 13.33252 -7.76148 2 2 
0.33137 0.00381 0.25226 -0.01785 6.83655 -7.85156 1 0.33137 -0.71799 0.25202 -0.01747 6.80725 -7.85156 -0.26654 0.38204 0.70366 -7.61536 0.39778 -8.93188 0.28784 -1.57056 0.34159 0.01171 7.05383 -9.37927 3 2 
0.39477 1.87213 0.77766 4.59626 5.81604 -4.69924 2 0.39477 4.25062 0.77860 4.78255 5.78857 -4.72771 -1.73290 0.27244 0.80662 -5.43152 4.47842 -5.49672 0.22999 3.90453 0.86985 4.35670 5.75256 -5.55079 3 2 
0.20325 1.81817 0.57037 6.47835 6.26038 2.37927 3 0.20325 0.31197 0.57006 6.65965 6.24878 2.35212 -1.68069 0.25470 0.46214 -6.22742 6.26590 1.80561 0.14916 1.17957 0.54366 6.30518 6.69617 1.48059 3 2 
-0.64704 0.27025 -0.69934 -0.90120 4.63745 5.79285 4 -0.64704 -0.69150 -0.69872 -0.87427 4.69116 5.78918 -0.16292 -0.64884 -0.76274 -4.49707 -0.89205 5.00305 -0.69791 2.03669 -0.70174 -0.83641 4.95789 5.01831 3 2 
-0.94837 -1.00225 -0.40807 -4.40763 5.75928 5.08724 5 -0.94837 -0.01452 -0.40901 -4.50721 5.84717 5.10164 1.02024 -1.14157 -0.40573 -5.91736 -4.29953 4.17002 -1.13485 2.60745 -0.36300 -4.29334 5.82947 4.02136 3 2 
0.15498 -1.16439 -1.01400 -5.79679 3.37036 0.77083 6 0.15498 -1.18992 -1.01400 -5.91276 3.33984 0.78846 1.10161 0.02483 -1.05404 -4.17419 -5.56862 -0.43920 0.05162 -2.45447 -0.96170 -5.62050 3.62671 -0.46070 3 2 
0.73280 -0.00284 0.07017 -3.80552 6.31104 -3.87268 7 0.73280 -0.28669 0.06996 -3.80579 6.23901 -3.87268 0.07409 0.71655 -0.03070 -6.02478 -4.03959 -4.83154 0.68931 -0.39699 0.16046 -3.85763 5.92163 -4.94385 3 2 
-0.10506 2.63865 -0.10505 -1.18274 6.13708 -1.06484 8 -0.10506 3.80846 -0.10517 -0.92001 6.14563 -1.10486 -2.74324 0.01673 -0.20399 -5.84473 -1.45370 -2.15863 -0.16238 6.07400 -0.18127 -1.49057 6.95557 -2.00443 3 2 
0.02764 2.18141 -0.19613 -2.85153 7.34680 4.11374 9 0.02764 1.69172 -0.19614 -2.63448 7.34131 4.08075 -2.29027 0.01624 -0.24800 -7.17896 -3.11660 3.10531 -0.13023 2.62034 -0.18486 -3.21124 7.93640 3.02745 3 2 
0.12099 0.61453 -0.13789 -5.61203 8.92883 5.86853 10 0.12099 0.13657 -0.13794 -5.55088 8.91479 5.85938 -0.40600 0.25589 -0.14112 -8.83423 -5.58672 5.11841 0.14976 1.33032 -0.17312 -5.72235 8.90991 4.90173 3 2 
0.54930 -2.06195 0.51201 -6.23482 6.50879 0.83687 11 0.54930 -3.56140 0.51119 -6.44012 6.46118 0.86775 2.18373 0.61558 0.44728 -6.29944 -6.15582 0.25876 0.58299 -4.23541 0.50086 -6.02393 6.20667 0.27994 3 2 
0.53428 -1.82703 0.01963 -4.11331 7.00378 -6.32490 12 0.53428 -2.71709 0.01915 -4.29488 6.95068 -6.29760 1.93361 0.51089 0.02004 -6.89697 -3.97320 -6.80610 0.54383 -1.40431 0.08298 -3.86056 7.31384 -6.97051 3 2 
0.03980 -0.34539 0.13486 -1.91734 5.81055 -7.66907 1 0.03980 -6.21276 0.13463 -1.95168 5.80078 -7.68311 0.00000 0.00000 0.00000 0.00000 0.00000 0.00000 -0.05139 -9.65762 0.15155 -1.76903 6.04431 -9.87915 4 2 
0.27018 1.15977 0.18105 1.52195 5.50903 -5.35643 2 0.27018 0.49945 0.18087 1.63798 5.47485 -5.30777 0.00000 0.00000 0.00000 0.00000 0.00000 0.00000 0.09790 0.98105 0.17803 1.42339 5.54810 -7.75530 4 2 
0.38860 1.30004 0.86628 2.07497 4.18701 1.93685 3 0.38861 6.32350 0.86823 2.20455 4.11255 1.99101 0.00000 0.00000 0.00000 0.00000 0.00000 0.00000 0.01494 4.47391 0.88205 1.89487 4.32983 -0.35752 4 2 
-0.79937 0.70468 -0.11434 -0.44846 6.12549 3.72009 4 -0.79937 0.11701 -0.11387 -0.37827 6.20483 3.72009 0.00000 0.00000 0.00000 0.00000 0.00000 0.00000 -0.85183 0.92730 -0.08058 -0.52628 6.39954 3.00415 4 2 
-0.39988 0.00549 0.54188 -0.54581 4.88403 6.48010 13 -0.39988 -2.49518 0.54288 -0.54535 4.92371 6.48010 0.00000 0.00000 0.00000 0.00000 0.00000 0.00000 -0.36849 -3.07597 0.55041 -0.56549 4.56177 5.78735 4 2 
-1.11935 -0.63210 -0.20827 -3.68815 6.61316 4.47155 5 -1.11937 -6.10353 -0.20215 -3.75125 6.71570 4.49785 0.00000 0.00000 0.00000 0.00000 0.00000 0.00000 -1.24379 -7.03128 -0.21336 -3.57346 6.79199 2.22823 4 2 
0.01538 0.05916 -0.68210 -2.51841 8.63037 0.78447 6 0.01538 -1.69372 -0.68213 -2.51282 8.59985 0.78195 0.00000 0.00000 0.00000 0.00000 0.00000 0.00000 -0.33338 0.21993 -0.95238 -2.28097 8.51929 -1.09552 4 2 
0.57030 -0.00414 0.68783 -5.08240 3.81958 -2.94434 7 0.57030 -3.81839 0.68565 -5.08278 3.79211 -2.94373 0.00000 0.00000 0.00000 0.00000 0.00000 0.00000 0.56539 -1.90732 0.68585 -5.08148 3.64685 -4.95178 4 2 
-0.42957 1.97492 -0.72391 -3.84768 10.03479 0.01338 8 -0.42957 1.38051 -0.72366 -3.65127 10.04700 -0.06986 0.00000 0.00000 0.00000 0.00000 0.00000 0.00000 -0.34911 2.25513 -0.60398 -4.31018 9.59229 -1.80274 4 2 
-0.11742 2.47388 -0.67895 -2.15419 8.01819 5.11222 9 -0.11742 3.99462 -0.67913 -1.90780 8.02917 5.11234 0.00000 0.00000 0.00000 0.00000 0.00000 0.00000 -0.14241 2.87066 -0.66842 -2.53207 8.25378 3.71858 4 2 
-0.26453 -0.08435 -0.49798 -6.65588 7.87476 5.33386 10 -0.26454 1.70656 -0.49845 -6.66428 7.91199 5.33203 0.00000 0.00000 0.00000 0.00000 0.00000 0.00000 -0.25143 1.51371 -0.61472 -6.69113 7.81006 4.23279 4 2 
0.28435 -0.33213 -0.75909 -4.27704 8.88306 6.31531 14 0.28435 -4.62182 -0.76031 -4.31015 8.83850 6.32263 0.00000 0.00000 0.00000 0.00000 0.00000 0.00000 0.16329 -3.51221 -0.96551 -4.58893 7.41394 5.25024 4 2 
0.25326 -2.27847 0.20336 -8.06466 11.17065 1.02223 11 0.25326 -0.59925 0.20379 -8.29132 11.14502 1.02175 0.00000 0.00000 0.00000 0.00000 0.00000 0.00000 0.25251 -2.50518 0.19482 -7.86146 11.19690 -0.24463 4 2 
0.59980 -0.68860 -0.32194 -5.94590 8.32886 -6.22817 12 0.59980 -1.02419 -0.32215 -6.01492 8.28308 -6.25738 0.00000 0.00000 0.00000 0.00000 0.00000 0.00000 0.50106 -3.56898 -0.25008 -5.84238 8.80249 -7.80179 4 2 

