wheel station sector hw_x hw_x1 hw_x2 hw_x3 hw_dx13
2 1 2 1.83998 2.07504 -7.17468 1.65141 0.42364
1 2 8 0.96032 1.39673 -5.43060 0.40725 0.98948
0 1 7 -3.19721 -3.43266 5.21398 -2.95807 -0.47459
1 1 7 -2.18849 -2.18884 -4.59106 -2.03426 -0.15457
-2 2 3 -5.81409 -6.05408 -10.45105 -5.91267 -0.14142
1 4 4 -3.72742 -3.52051 -3.72742 -3.93112 0.41061
2 1 8 -0.43570 -0.04071 -5.74463 -0.79599 0.75528
0 1 11 -4.87695 -5.38405 -0.64047 -4.42818 -0.95586
1 2 10 -4.67999 -4.56823 -6.65100 -4.83797 0.26974
-1 3 10 5.42452 5.44863 -4.52606 5.42757 0.02106
1 2 5 -3.91023 -4.09823 -1.63452 -3.79613 -0.30210
-2 1 3 -5.81261 -6.01670 -11.59607 -5.59726 -0.41944
0 2 1 -1.70515 -1.70477 -2.84493 -2.00035 0.29558
-2 2 11 3.57195 3.70646 -9.06311 3.41267 0.29379
-2 3 2 -3.66688 -3.85233 -10.68237 -3.46583 -0.38650
2 1 12 -5.27114 -5.47850 -9.29077 -5.12173 -0.35677
0 2 3 6.85203 7.20334 2.15018 5.74890 1.45443
-1 4 3 2.24423 2.07649 2.24423 2.46645 -0.38996
-1 2 9 1.44835 1.07287 -6.24298 1.69571 -0.62284
-1 3 4 1.52596 1.43309 -9.86877 1.55304 -0.11995
-2 2 2 -4.77415 -4.97293 -8.04749 -4.69597 -0.27695
-2 4 5 3.31112 3.37926 3.31112 3.24483 0.13443
2 3 8 -1.18274 -0.92001 -5.84473 -1.49057 0.57056
0 2 5 6.82743 7.08947 -3.28016 6.50728 0.58218
0 4 8 0.86592 0.89565 0.86592 1.06285 -0.16720
-1 1 12 6.35914 6.59594 -5.15930 5.98817 0.60777
-1 2 7 5.52065 5.52015 -5.62500 5.37214 0.14801
-2 3 11 3.62293 3.85804 -6.22070 3.19962 0.65843
-2 3 6 6.68766 6.84536 -11.43799 6.62346 0.22190
-1 4 9 4.43225 4.24851 4.43225 4.55125 -0.30274
-2 4 7 4.92401 4.92378 4.92401 5.01541 -0.09163
0 1 8 -2.28297 -2.81019 -13.33258 -1.73267 -1.07751
2 2 4 0.42679 0.49969 -6.01807 0.31723 0.18246
0 2 7 -3.55421 -3.72097 0.23951 -3.94297 0.22200
0 4 14 -5.81802 -6.27563 -5.81802 -5.22263 -1.05301
-2 2 5 4.53772 4.70165 -12.46765 4.20864 0.49301
-1 3 8 4.78693 4.52811 -6.17889 5.12696 -0.59885
-2 4 1 0.52963 0.53001 0.52963 0.39001 0.14000
0 1 10 -2.86343 -2.71442 -1.63861 -2.97115 0.25673
-1 4 2 2.38403 2.23921 2.38403 2.24798 -0.00877
-1 2 3 -3.18940 -3.46461 -6.39465 -2.91855 -0.54605
-2 3 10 1.80202 1.84151 -12.48901 1.69947 0.14204
-1 1 3 -3.28382 -3.56832 -6.73340 -2.64839 -0.91993
2 1 7 -2.94178 -2.94228 -3.46497 -2.93491 -0.00736
-2 4 3 -2.93008 -3.08326 -2.93008 -2.70305 -0.38021
2 1 6 -4.57971 -4.73786 -6.73645 -4.42803 -0.30983
0 1 12 5.73105 6.14824 -1.11783 5.36063 0.78762
0 4 2 1.13382 1.30236 1.13382 0.87374 0.42862
1 3 7 -3.95008 -3.95044 -4.09302 -3.90169 -0.04875
-1 2 1 0.69592 0.69633 -4.80347 0.44794 0.24839
-2 3 12 2.41598 2.63387 -9.01123 2.05555 0.57832
-1 3 12 5.30019 5.48906 -3.89893 4.91933 0.56972
-2 1 1 -3.14987 -3.14953 -11.19934 -3.28163 0.13210
2 4 8 -3.84768 -3.65127 -3.84768 -4.31018 0.65891
-2 4 13 -0.93842 -1.16745 -0.93842 -0.87082 -0.29663
-1 1 1 2.06432 2.06470 -6.49231 2.05647 0.00824
2 3 10 -5.61203 -5.55088 -8.83423 -5.72235 0.17147
1 3 10 -7.37480 -7.34867 -4.53247 -7.45314 0.10447
1 3 5 -4.64306 -4.73745 -1.77460 -4.57621 -0.16124
-1 1 7 3.19275 3.35861 -8.87543 2.99568 0.36293
1 3 6 -7.12032 -7.24852 -3.09753 -6.99990 -0.24863
2 3 4 -0.90120 -0.87427 -4.49707 -0.83641 -0.03786
-1 4 13 3.45337 3.20877 3.45337 3.69156 -0.48279
1 3 3 1.22264 1.50692 -0.76385 0.75743 0.74948
2 4 10 -6.65588 -6.66428 -6.65588 -6.69113 0.02686
-2 1 5 4.34045 4.56486 -10.71899 4.14450 0.42036
1 4 2 -1.46069 -1.31350 -1.46069 -1.63900 0.32550
-2 4 9 0.17541 -0.00099 0.17541 0.43714 -0.43812
0 3 3 3.88404 4.20107 2.52094 3.46515 0.73592
0 1 2 6.91569 7.32460 1.28526 6.51917 0.80543
0 3 11 -7.30019 -7.49969 -0.44247 -7.06038 -0.43931
-2 2 12 2.27971 2.57736 -10.01099 1.87031 0.70705
1 3 1 -1.95692 -1.95663 -2.24487 -1.45731 -0.49932
-2 1 11 4.40653 4.75733 -8.04077 3.99027 0.76707
2 4 14 -4.27704 -4.31015 -4.27704 -4.58893 0.27878
-2 4 11 3.93554 4.12420 3.93554 3.63470 0.48949
-2 1 6 5.24521 5.46002 -10.84717 5.09525 0.36477
0 1 4 -1.48304 -1.50967 -3.98235 -1.40335 -0.10632
-1 3 1 0.33180 0.19140 -7.68402 0.43568 -0.24427
-2 1 9 -1.45610 -1.71416 -7.45300 -1.17143 -0.54273
2 2 11 -5.07303 -5.25942 -7.19299 -4.76729 -0.49213
0 1 6 -7.87493 -8.14415 -0.86617 -7.52512 -0.61903
2 1 11 -6.18679 -6.43491 -7.55798 -5.92859 -0.50632
-1 4 12 3.89577 3.95440 3.89577 3.42305 0.53135
1 1 8 1.98593 2.33624 -2.34497 1.88258 0.45366
1 2 12 -4.78996 -4.96416 -5.70282 -4.47050 -0.49366
2 4 2 1.52195 1.63798 1.52195 1.42339 0.21459
2 2 9 -0.67620 -0.31739 -6.75415 -0.84611 0.52872
1 2 6 -4.34422 -4.48070 -3.59314 -4.37137 -0.10934
2 1 9 -1.45791 -1.16148 -7.75574 -1.80710 0.64562
-1 2 11 7.65501 7.79867 -3.52814 7.36290 0.43577
1 3 11 -6.30333 -6.44294 -6.14594 -6.01608 -0.42686
1 1 10 -4.08081 -3.88268 -4.99390 -4.25819 0.37552
2 4 4 -0.44846 -0.37827 -0.44846 -0.52628 0.14801
-2 1 7 2.12425 2.35886 -12.06909 1.88869 0.47016
-1 3 2 -1.11529 -1.26874 -7.30560 -0.81191 -0.45683
2 1 3 6.12203 6.47012 -5.96985 5.69901 0.77111
2 4 6 -2.51841 -2.51282 -2.51841 -2.28097 -0.23185
1 3 9 -2.13836 -1.89312 -3.48816 -2.44361 0.55048
1 1 12 -8.58513 -8.76849 -4.77753 -8.31160 -0.45689
1 3 4 -1.84328 -1.81362 -1.13251 -1.93930 0.12568
0 3 1 -1.22759 -1.22717 -1.34839 -1.20066 -0.02651
0 4 10 -7.25677 -7.17361 -7.25677 -7.35901 0.18539
1 4 13 -3.33557 -3.28537 -3.33557 -3.39340 0.10803
-1 4 8 4.25283 4.08418 4.25283 4.61726 -0.53308
2 2 3 5.29384 5.59201 -5.57922 4.80309 0.78892
2 1 5 -4.08860 -4.25663 -5.06592 -3.86338 -0.39325
1 2 9 0.29170 0.62436 -2.77557 -0.02958 0.65394
0 3 7 -3.93435 -3.93473 0.69942 -4.08100 0.14627
-2 2 10 1.47472 1.51064 -10.54199 1.16554 0.34510
2 3 5 -4.40763 -4.50721 -5.91736 -4.29334 -0.21387
1 2 3 3.70851 4.02711 -1.88660 3.32521 0.70191
1 4 11 -11.09057 -11.13815 -11.09057 -10.92572 -0.21244
2 2 1 -1.34018 -1.37983 -5.92957 -1.41325 0.03342
-2 1 4 -2.59274 -2.58675 -10.94299 -2.57004 -0.01671
-2 3 3 -3.77011 -3.95058 -9.78149 -3.45941 -0.49118
0 4 6 -8.46105 -8.60534 -8.46105 -8.51917 -0.08618
1 4 9 -2.59969 -2.19369 -2.59969 -3.21194 1.01825
1 2 11 -3.88484 -4.10037 -5.49042 -3.66863 -0.43175
2 2 7 -4.50386 -4.50422 -4.88586 -5.03342 0.52919
0 2 10 -2.00186 -1.85228 -2.45071 -2.26690 0.41462
1 2 4 -0.13329 -0.03576 -2.03278 -0.43949 0.40373
-1 4 14 5.17151 5.19699 5.17151 5.17578 0.02121
1 1 4 -0.31582 -0.28244 -1.47186 -0.94894 0.66650
1 4 7 -4.34288 -4.32724 -4.34288 -4.64027 0.31303
2 2 5 -2.07391 -2.18396 -7.27417 -1.99797 -0.18599
0 2 12 5.89130 6.29682 -1.43614 5.36570 0.93112
0 1 1 -0.93296 -0.93243 -2.14488 -1.05190 0.11948
-2 2 9 0.35830 0.08492 -9.53491 0.54516 -0.46024
1 1 6 -4.21621 -4.33082 -2.08893 -4.17365 -0.15717
1 4 5 -4.87708 -4.91212 -4.87708 -5.35075 0.43863
-1 1 5 4.63133 4.78764 -7.00439 4.45811 0.32953
-2 3 4 -0.99693 -0.94162 -12.27783 -1.19226 0.25064
-1 2 12 5.29562 5.59258 -3.71918 4.90438 0.68821
-2 3 1 -1.85080 -1.85040 -8.35083 -1.71041 -0.13998
1 4 3 -1.72672 -1.53346 -1.72672 -1.78567 0.25221
2 4 12 -5.94590 -6.01492 -5.94590 -5.84238 -0.17255
0 4 11 -8.13246 -8.25575 -8.13246 -7.96528 -0.29047
-1 2 10 4.47760 4.41271 -2.14539 4.19031 0.22240
-1 3 3 -1.11462 -1.28181 -6.12091 -0.86859 -0.41322
-2 2 8 -0.38588 -0.73319 -9.30054 -0.19840 -0.53479
1 4 1 -4.58496 -4.58458 -4.58496 -4.46068 -0.12390
-1 4 5 6.48702 6.48448 6.48702 6.52569 -0.04121
0 2 2 6.38344 6.79163 1.57516 5.03299 1.75865
0 4 9 2.36767 2.06443 2.36767 2.79315 -0.72871
2 3 6 -5.79679 -5.91276 -4.17419 -5.62050 -0.29226
-1 2 8 2.21109 1.88300 -6.42792 2.44811 -0.56511
-2 3 5 4.63487 4.79491 -9.85168 4.10449 0.69042
-2 4 4 1.18027 1.29990 1.18027 0.92407 0.37582
-1 1 10 3.18317 3.23399 -2.06055 3.01373 0.22026
-1 3 5 5.24802 5.36143 -8.18573 5.04596 0.31547
-1 2 6 5.19567 5.34803 -3.50830 5.09510 0.25294
-1 3 7 7.44745 7.30640 -5.33539 7.68213 -0.37573
0 4 4 4.66660 4.60953 4.66660 4.70673 -0.09720
-2 4 6 5.60217 5.65578 5.60217 5.61267 0.04311
2 3 1 -0.01785 -0.01747 -7.61536 0.01171 -0.02918
0 1 9 -1.56268 -1.99878 0.10644 -1.10519 -0.89359
0 2 6 -7.86006 -8.10358 0.25891 -8.06227 -0.04131
0 4 13 4.32358 4.29276 4.32358 4.30695 -0.01419
-2 2 4 -2.59296 -2.72171 -12.50610 -2.57954 -0.14217
-1 3 9 4.32473 4.08925 -4.43268 4.55612 -0.46687
-2 1 2 -6.08330 -6.23715 -10.90210 -6.00143 -0.23572
-1 4 4 5.11246 5.02655 5.11246 5.20416 -0.17761
0 4 3 1.12041 1.42250 1.12041 0.81761 0.60490
2 3 7 -3.80552 -3.80579 -6.02478 -3.85763 0.05184
-1 2 2 -2.64095 -2.86607 -8.83759 -2.61483 -0.25124
-1 3 11 6.87780 7.01188 -5.06836 6.83203 0.17986
-2 2 1 -3.60817 -3.60769 -7.21130 -3.55759 -0.05011
2 4 9 -2.15419 -1.90780 -2.15419 -2.53207 0.62427
-2 4 2 -1.24317 -1.38346 -1.24317 -1.33012 -0.05333
2 3 9 -2.85153 -2.63448 -7.17896 -3.21124 0.57676
-1 1 11 7.59380 7.86865 -5.58197 7.33340 0.53524
0 4 1 2.07108 2.07138 2.07108 2.45544 -0.38406
-1 3 6 10.55868 10.66547 -6.68610 10.31324 0.35223
1 2 7 -3.17129 -3.17184 -0.73120 -3.39252 0.22068
-1 1 6 4.94616 5.13685 -7.19360 4.76162 0.37523
0 2 4 0.12043 -0.03225 -1.08038 0.01562 -0.04787
2 4 11 -8.06466 -8.29132 -8.06466 -7.86146 -0.42985
-2 4 12 1.24702 1.37441 1.24702 0.50336 0.87106
2 3 11 -6.23482 -6.44012 -6.29944 -6.02393 -0.41620
2 3 12 -4.11331 -4.29488 -6.89697 -3.86056 -0.43432
0 4 7 -4.73930 -4.73961 -4.73930 -4.50394 -0.23567
0 2 8 0.01875 -0.44604 -14.06588 0.51479 -0.96083
-1 4 11 8.44360 8.61121 8.44360 8.20637 0.40484
-1 1 4 -0.49797 -0.42408 -8.45795 -0.54749 0.12341
2 4 13 -0.54581 -0.54535 -0.54581 -0.56549 0.02014
-2 4 14 1.08093 1.06110 1.08093 1.04050 0.02060
-1 4 7 7.44080 7.44049 7.44080 7.63206 -0.19157
0 3 10 -5.65001 -5.57819 -0.18411 -5.88949 0.31130
0 3 5 7.80883 8.01606 -4.23825 7.39842 0.61764
0 4 5 7.77016 7.87422 7.77016 7.69608 0.17814
1 3 2 2.42454 2.63098 -2.11914 2.09724 0.53374
-2 2 6 6.01996 6.24483 -12.89978 5.52310 0.72173
-2 1 10 0.97069 1.00254 -9.84192 0.96214 0.04040
0 3 9 1.58337 1.27118 -0.88436 2.41123 -1.14004
-2 4 8 1.77991 1.60538 1.77991 2.08221 -0.47683
0 1 3 7.35363 7.57359 0.58975 7.09062 0.48296
0 3 8 0.11746 -0.17837 -0.59267 0.41665 -0.59502
-1 1 8 0.23120 -0.08713 -5.72662 0.55740 -0.64453
-2 3 7 4.91922 5.05962 -10.48950 4.81134 0.24828
-2 1 8 -2.47734 -2.72741 -21.74133 -2.18359 -0.54382
2 4 1 -1.91734 -1.95168 -1.91734 -1.76903 -0.18265
-2 4 10 2.92221 3.01712 2.92221 2.82013 0.19699
0 1 5 6.34343 6.68099 -2.18891 5.70741 0.97359
2 1 10 -5.84084 -5.68497 -8.92273 -5.95425 0.26928
1 1 2 3.54494 3.95346 -4.28925 3.05465 0.89881
1 1 9 -0.24415 -0.01808 -2.43805 -0.45042 0.43234
-1 4 10 5.49942 5.47501 5.49942 5.32059 0.15442
2 4 3 2.07497 2.20455 2.07497 1.89487 0.30968
2 2 10 -4.29914 -4.20828 -9.22668 -4.37122 0.16294
-1 4 6 6.81456 6.81992 6.81456 6.94520 -0.12527
0 3 12 6.76778 7.06265 1.84106 6.32012 0.74253
1 2 1 -2.16812 -2.00150 -7.56226 -2.89038 0.88888
1 3 12 -7.05354 -7.20016 -3.90991 -6.96078 -0.23939
1 1 11 -7.56456 -7.79819 -4.58984 -7.34204 -0.45615
-1 2 5 3.81298 3.84938 -5.04913 3.50396 0.34542
-2 1 12 2.23692 2.56868 -10.03906 1.94463 0.62404
2 4 5 -3.68815 -3.75125 -3.68815 -3.57346 -0.17779
2 2 8 0.25336 0.66318 -6.30554 -0.06306 0.72623
0 3 2 3.99678 4.22390 2.34103 3.72197 0.50193
-1 1 9 -0.04054 -0.35230 -4.19189 0.18181 -0.53410
-2 3 8 1.70483 1.49484 -10.20569 1.80443 -0.30959
1 4 14 -7.20032 -7.01859 -7.20032 -7.52899 0.51041
-2 2 7 3.49371 3.65946 -13.01880 3.11922 0.54024
2 4 7 -5.08240 -5.08278 -5.08240 -5.08148 -0.00130
2 1 4 -0.41241 -0.34378 -5.39673 -0.44441 0.10063
1 3 8 -0.76872 -0.49883 -3.07159 -1.21589 0.71706
1 4 12 -8.55685 -8.58606 -8.55685 -8.42192 -0.16413
2 2 12 -3.69987 -3.91901 -13.19641 -3.37495 -0.54406
-1 4 1 3.39851 3.39882 3.39851 3.62206 -0.22324
0 3 6 -7.79795 -8.04133 -10.43298 -7.57719 -0.46414
1 2 2 3.57435 3.90149 -2.34039 3.03163 0.86986
2 3 2 4.59626 4.78255 -5.43152 4.35670 0.42585
1 1 1 -1.44672 -1.44630 -3.71582 -1.37955 -0.06676
-1 2 4 -0.76387 -0.90742 -7.60040 -0.69672 -0.21070
1 4 10 -8.58643 -8.68927 -8.58643 -8.43277 -0.25650
2 2 2 4.99518 5.27580 -6.00342 4.85617 0.41963
0 2 9 0.00841 -0.40479 -13.11548 0.18902 -0.59380
0 3 4 1.51930 1.41798 -3.96830 1.74692 -0.32894
-2 3 9 1.98574 1.82584 -5.04578 2.21236 -0.38652
1 1 3 4.53877 4.74313 -0.28625 4.43795 0.30518
1 4 8 -4.67307 -4.49349 -4.67307 -4.13740 -0.35610
-1 1 2 -3.74154 -3.91318 -6.76666 -3.49585 -0.41733
0 2 11 -4.43862 -4.81351 -1.32381 -4.03849 -0.77502
0 4 12 6.88576 7.07178 6.88576 6.63456 0.43722
2 3 3 6.47835 6.65965 -6.22742 6.30518 0.35447
1 1 5 -4.44711 -4.63995 -3.44574 -4.23195 -0.40801
2 1 1 -1.60583 -1.60545 -3.74756 -1.61789 0.01244
1 4 6 -6.79293 -6.86789 -6.79293 -6.60167 -0.26622
2 2 6 -4.11888 -4.19582 -5.36194 -4.03500 -0.16082

