wheel station sector sw_phiz sw_phiz1 sw_phiz2 sw_phiz3 sw_dphiz1 sw_dphiz2 sw_dphiz3 sw_db
2 1 2 -0.20517 -0.21734 -0.08319 -0.12545 -0.01217 0.12198 0.07972 -0.09189
1 2 8 0.14723 0.03362 0.25144 0.13523 -0.11361 0.10422 -0.01200 -0.10161
0 1 7 -0.47838 -0.48367 -0.43543 -0.33573 -0.00529 0.04294 0.14265 -0.14794
1 1 7 0.56541 0.57188 0.51263 0.58758 0.00647 -0.05277 0.02217 -0.01570
-2 2 3 0.07066 0.05853 0.62985 0.03895 -0.01214 0.55919 -0.03171 0.01958
1 4 4 -0.39122 -0.37797 -0.39122 -0.48654 0.01325 0.00000 -0.09532 0.10858
2 1 8 -0.23314 -0.23200 -0.08999 -0.16839 0.00114 0.14315 0.06475 -0.06361
0 1 11 0.41961 0.42741 0.55210 0.43542 0.00780 0.13249 0.01581 -0.00800
1 2 10 0.72994 0.73809 0.63375 0.62106 0.00815 -0.09620 -0.10889 0.11703
-1 3 10 0.78079 0.79648 0.71636 0.79471 0.01569 -0.06443 0.01392 0.00176
1 2 5 -0.09810 -0.19877 0.08764 -0.06433 -0.10067 0.18574 0.03377 -0.13444
-2 1 3 0.06719 0.04781 0.08627 0.11551 -0.01938 0.01908 0.04832 -0.06770
0 2 1 0.30672 0.50471 0.62085 0.24119 0.19800 0.31414 -0.06553 0.26352
-2 2 11 0.33802 0.41667 1.10016 0.22076 0.07865 0.76215 -0.11725 0.19590
-2 3 2 0.48507 0.50363 0.28476 0.33330 0.01856 -0.20032 -0.15178 0.17034
2 1 12 -0.41978 -0.42286 -0.33666 -0.37851 -0.00308 0.08312 0.04127 -0.04436
0 2 3 1.31183 1.20137 1.06273 1.16690 -0.11046 -0.24909 -0.14492 0.03447
-1 4 3 1.14266 1.14130 1.14266 1.15481 -0.00136 0.00000 0.01215 -0.01351
-1 2 9 0.09056 0.04175 0.87834 0.08970 -0.04881 0.78778 -0.00086 -0.04795
-1 3 4 0.67178 0.68779 0.70322 0.74025 0.01601 0.03144 0.06848 -0.05247
-2 2 2 -0.83814 -0.79073 -0.63463 -0.98229 0.04741 0.20352 -0.14415 0.19156
-2 4 5 0.18462 0.16157 0.18462 0.24211 -0.02305 0.00000 0.05749 -0.08055
2 3 8 -0.10505 -0.07435 -0.20399 -0.22281 0.03070 -0.09894 -0.11777 0.14847
0 2 5 0.06321 0.07778 0.58252 -0.01997 0.01457 0.51931 -0.08318 0.09775
0 4 8 -0.15734 -0.20925 -0.15734 -0.04832 -0.05191 0.00000 0.10902 -0.16093
-1 1 12 0.49449 0.49192 0.58014 0.53243 -0.00256 0.08566 0.03794 -0.04051
-1 2 7 -0.70521 -0.66476 -0.10296 -0.82872 0.04045 0.60225 -0.12351 0.16396
-2 3 11 -0.11027 -0.09242 -0.15395 -0.07627 0.01786 -0.04367 0.03400 -0.01614
-2 3 6 -0.27757 -0.28262 -0.40064 -0.26575 -0.00505 -0.12306 0.01183 -0.01687
-1 4 9 0.61555 0.63566 0.61555 0.65288 0.02010 0.00000 0.03733 -0.01722
-2 4 7 0.06804 0.02748 0.06804 0.15494 -0.04056 0.00000 0.08690 -0.12745
0 1 8 -0.42741 -0.41078 -0.40545 -0.34598 0.01663 0.02196 0.08142 -0.06480
2 2 4 0.27987 0.20647 0.27987 0.26168 -0.07339 0.00000 -0.01818 -0.05521
0 2 7 0.38194 0.44104 -0.08726 0.15711 0.05910 -0.46919 -0.22483 0.28393
0 4 14 0.35554 0.24006 0.35554 0.44383 -0.11548 0.00000 0.08830 -0.20378
-2 2 5 -0.16911 -0.15511 0.46556 -0.27032 0.01401 0.63468 -0.10121 0.11521
-1 3 8 -0.82397 -0.84268 -0.86806 -0.76963 -0.01871 -0.04409 0.05434 -0.07305
-2 4 1 0.25248 0.25997 0.25248 0.30704 0.00749 0.00000 0.05456 -0.04706
0 1 10 -0.84070 -0.83922 -0.73296 -0.76520 0.00147 0.10774 0.07549 -0.07402
-1 4 2 0.53437 0.46163 0.53437 0.60917 -0.07274 0.00000 0.07480 -0.14754
-1 2 3 -0.30321 -0.34792 0.38205 -0.48711 -0.04471 0.68525 -0.18390 0.13919
-2 3 10 0.40740 0.41520 0.30712 0.37922 0.00780 -0.10027 -0.02818 0.03598
-1 1 3 0.59343 0.48702 0.26671 0.27540 -0.10641 -0.32672 -0.31804 0.21162
2 1 7 -0.32623 -0.30004 -0.23618 -0.35063 0.02619 0.09006 -0.02440 0.05059
-2 4 3 -0.07270 -0.06445 -0.07270 -0.07999 0.00825 0.00000 -0.00729 0.01554
2 1 6 -0.32427 -0.30842 -0.14947 -0.22354 0.01585 0.17480 0.10073 -0.08489
0 1 12 0.55878 0.56004 0.61681 0.71018 0.00127 0.05803 0.15141 -0.15014
0 4 2 0.28795 0.30738 0.28795 0.27238 0.01943 0.00000 -0.01557 0.03500
1 3 7 -0.48125 -0.47237 -0.62674 -0.52492 0.00888 -0.14550 -0.04367 0.05255
-1 2 1 0.02778 0.05985 0.62975 -0.03831 0.03207 0.60197 -0.06609 0.09816
-2 3 12 0.60213 0.59577 0.44815 0.58591 -0.00636 -0.15398 -0.01622 0.00986
-1 3 12 -0.14179 -0.11767 -0.19403 -0.07789 0.02412 -0.05224 0.06390 -0.03978
-2 1 1 0.76683 0.77562 0.71905 0.74370 0.00879 -0.04778 -0.02313 0.03192
2 4 8 -0.72391 -0.71529 -0.72391 -0.61580 0.00862 0.00000 0.10811 -0.09949
-2 4 13 1.76785 1.78561 1.76785 1.88645 0.01776 0.00000 0.11860 -0.10084
-1 1 1 0.45295 0.45309 0.48681 0.56499 0.00014 0.03386 0.11204 -0.11190
2 3 10 -0.13789 -0.15558 -0.14112 -0.14897 -0.01770 -0.00323 -0.01109 -0.00661
1 3 10 -0.40533 -0.36836 -0.42063 -0.38924 0.03697 -0.01530 0.01608 0.02088
1 3 5 -0.51619 -0.49483 -0.59280 -0.55332 0.02136 -0.07661 -0.03713 0.05849
-1 1 7 -0.86201 -0.86601 -0.90410 -0.96570 -0.00400 -0.04209 -0.10370 0.09970
1 3 6 -0.18136 -0.15732 -0.21073 -0.19269 0.02404 -0.02937 -0.01133 0.03537
2 3 4 -0.69934 -0.70436 -0.76274 -0.69341 -0.00502 -0.06340 0.00593 -0.01095
-1 4 13 0.21105 0.22245 0.21105 0.07119 0.01140 0.00000 -0.13986 0.15126
1 3 3 0.01709 0.04257 -0.01132 0.04442 0.02548 -0.02841 0.02733 -0.00185
2 4 10 -0.49798 -0.50108 -0.49798 -0.61008 -0.00310 0.00000 -0.11210 0.10899
-2 1 5 0.67758 0.66159 0.66470 0.72298 -0.01599 -0.01287 0.04541 -0.06139
1 4 2 -0.93100 -0.89981 -0.93100 -0.96443 0.03118 0.00000 -0.03344 0.06462
-2 4 9 -1.18860 -1.19044 -1.18860 -1.14752 -0.00183 0.00000 0.04108 -0.04291
0 3 3 0.31518 0.29021 0.27179 0.41000 -0.02496 -0.04339 0.09482 -0.11979
0 1 2 0.36008 0.37202 0.53759 0.47384 0.01194 0.17751 0.11375 -0.10182
0 3 11 -0.17669 -0.18614 -0.26179 -0.16235 -0.00945 -0.08510 0.01434 -0.02379
-2 2 12 0.43002 0.41843 1.02058 0.46215 -0.01159 0.59056 0.03212 -0.04372
1 3 1 0.14087 0.07472 -0.17081 0.11071 -0.06615 -0.31168 -0.03016 -0.03599
-2 1 11 0.30800 0.29014 0.38553 0.51665 -0.01786 0.07753 0.20865 -0.22651
2 4 14 -0.75909 -0.84038 -0.75909 -0.85275 -0.08128 0.00000 -0.09366 0.01238
-2 4 11 0.02198 0.02863 0.02198 0.04861 0.00666 0.00000 0.02663 -0.01997
-2 1 6 0.04295 0.04094 0.06592 0.06638 -0.00201 0.02297 0.02342 -0.02543
0 1 4 0.41723 0.41412 0.52483 0.41018 -0.00311 0.10760 -0.00705 0.00395
-1 3 1 0.28751 0.29861 0.19803 0.25522 0.01110 -0.08948 -0.03229 0.04338
-2 1 9 1.90945 1.89819 1.99053 2.02627 -0.01126 0.08108 0.11682 -0.12808
2 2 11 0.24844 0.32277 -0.49787 0.09450 0.07433 -0.74631 -0.15394 0.22827
0 1 6 -0.05368 -0.01896 0.03230 -0.06358 0.03471 0.08598 -0.00990 0.04461
2 1 11 0.23011 0.23335 0.37175 0.25671 0.00324 0.14164 0.02661 -0.02336
-1 4 12 0.45221 0.51982 0.45221 0.38521 0.06761 0.00000 -0.06700 0.13461
1 1 8 0.11025 0.10866 0.20193 0.16051 -0.00159 0.09168 0.05026 -0.05185
1 2 12 0.15964 0.07466 0.11870 0.14076 -0.08498 -0.04093 -0.01888 -0.06610
2 4 2 0.18105 0.18094 0.18105 0.17821 -0.00011 0.00000 -0.00284 0.00274
2 2 9 -0.28472 -0.20610 -0.28234 -0.40228 0.07862 0.00238 -0.11756 0.19619
1 2 6 -0.15646 -0.19468 -0.17396 -0.19178 -0.03821 -0.01750 -0.03532 -0.00290
2 1 9 0.23746 0.23967 0.32274 0.26373 0.00222 0.08528 0.02627 -0.02405
-1 2 11 0.12612 0.03170 0.97030 0.12991 -0.09442 0.84418 0.00379 -0.09822
1 3 11 0.02922 0.04664 0.03881 0.01458 0.01743 0.00960 -0.01464 0.03206
1 1 10 0.38578 0.38877 0.44152 0.48533 0.00299 0.05574 0.09955 -0.09656
2 4 4 -0.11434 -0.14539 -0.11434 -0.03751 -0.03105 0.00000 0.07683 -0.10788
-2 1 7 -0.71347 -0.72841 -0.69040 -0.65206 -0.01494 0.02307 0.06141 -0.07635
-1 3 2 1.50266 1.48615 1.39015 1.51480 -0.01651 -0.11250 0.01214 -0.02865
2 1 3 0.10140 0.08583 0.16354 0.20301 -0.01556 0.06214 0.10162 -0.11718
2 4 6 -0.68210 -0.68870 -0.68210 -0.94327 -0.00660 0.00000 -0.26117 0.25457
1 3 9 -1.13000 -1.13370 -1.16761 -1.10720 -0.00370 -0.03762 0.02279 -0.02649
1 1 12 0.80741 0.82280 0.94335 0.92777 0.01539 0.13594 0.12036 -0.10497
1 3 4 0.10529 0.08596 0.09456 0.14636 -0.01932 -0.01072 0.04108 -0.06040
0 3 1 0.76265 0.77196 0.65851 0.78491 0.00931 -0.10414 0.02226 -0.01295
0 4 10 0.15103 0.15024 0.15103 0.06953 -0.00079 0.00000 -0.08149 0.08070
1 4 13 0.18188 0.19081 0.18188 0.07249 0.00893 0.00000 -0.10939 0.11832
-1 4 8 -0.38405 -0.39294 -0.38405 -0.41859 -0.00889 0.00000 -0.03454 0.02565
2 2 3 0.64574 0.62975 0.82499 0.65811 -0.01599 0.17925 0.01237 -0.02836
2 1 5 -0.30014 -0.28619 -0.28137 -0.30816 0.01395 0.01877 -0.00803 0.02198
1 2 9 0.15739 0.08600 0.15019 0.18088 -0.07139 -0.00721 0.02349 -0.09488
0 3 7 -0.41002 -0.42501 -0.59025 -0.33575 -0.01499 -0.18023 0.07426 -0.08925
-2 2 10 1.16144 1.15406 0.91010 1.20429 -0.00738 -0.25135 0.04284 -0.05022
2 3 5 -0.40807 -0.42626 -0.40573 -0.33395 -0.01818 0.00234 0.07412 -0.09231
1 2 3 0.34964 0.44196 0.66448 0.09145 0.09232 0.31485 -0.25819 0.35051
1 4 11 0.33693 0.34353 0.33693 0.37869 0.00660 0.00000 0.04176 -0.03516
2 2 1 0.40205 0.39577 -0.06183 0.28164 -0.00629 -0.46389 -0.12041 0.11413
-2 1 4 0.54922 0.54778 0.54218 0.56798 -0.00145 -0.00704 0.01876 -0.02021
-2 3 3 0.61669 0.60415 0.35536 0.55686 -0.01253 -0.26132 -0.05983 0.04729
0 4 6 -0.77984 -0.79207 -0.77984 -0.82802 -0.01224 0.00000 -0.04819 0.03595
1 4 9 0.27420 0.27956 0.27420 0.32076 0.00536 0.00000 0.04656 -0.04120
1 2 11 0.36996 0.43487 0.43112 0.20847 0.06491 0.06117 -0.16149 0.22640
2 2 7 0.42412 0.40929 0.17850 0.24364 -0.01483 -0.24562 -0.18048 0.16566
0 2 10 -0.22632 -0.12520 -0.37974 -0.33346 0.10112 -0.15342 -0.10714 0.20826
1 2 4 -0.48443 -0.37443 0.43230 -0.23163 0.11000 0.91673 0.25280 -0.14280
-1 4 14 0.80699 0.88911 0.80699 0.62165 0.08213 0.00000 -0.18534 0.26746
1 1 4 0.19873 0.21882 0.35095 0.32186 0.02009 0.15222 0.12313 -0.10304
1 4 7 -0.69908 -0.70352 -0.69908 -0.64040 -0.00444 0.00000 0.05868 -0.06312
2 2 5 0.08956 0.15155 0.15866 0.01596 0.06200 0.06910 -0.07360 0.13559
0 2 12 0.39715 0.40281 0.77294 0.29528 0.00566 0.37579 -0.10187 0.10753
0 1 1 0.68823 0.71969 0.68432 0.76906 0.03146 -0.00391 0.08083 -0.04937
-2 2 9 -0.43995 -0.53196 0.22026 -0.36876 -0.09201 0.66022 0.07119 -0.16320
1 1 6 -0.34196 -0.31542 -0.27597 -0.23909 0.02654 0.06599 0.10286 -0.07633
1 4 5 -0.46508 -0.41445 -0.46508 -0.53300 0.05062 0.00000 -0.06792 0.11854
-1 1 5 -0.39527 -0.40374 -0.32307 -0.29605 -0.00847 0.07220 0.09923 -0.10770
-2 3 4 0.71858 0.74319 0.67205 0.75698 0.02461 -0.04653 0.03839 -0.01378
-1 2 12 0.09422 0.08816 0.62578 0.06538 -0.00606 0.53156 -0.02884 0.02278
-2 3 1 0.26118 0.24730 0.03579 0.15036 -0.01388 -0.22539 -0.11082 0.09695
1 4 3 -1.22786 -1.20123 -1.22786 -1.16850 0.02663 0.00000 0.05936 -0.03273
2 4 12 -0.32194 -0.30156 -0.32194 -0.27676 0.02038 0.00000 0.04518 -0.02480
0 4 11 -0.34429 -0.33280 -0.34429 -0.31968 0.01149 0.00000 0.02460 -0.01311
-1 2 10 0.60657 0.50811 0.33248 0.67676 -0.09847 -0.27409 0.07019 -0.16866
-1 3 3 0.42118 0.41785 0.35596 0.36946 -0.00334 -0.06522 -0.05172 0.04839
-2 2 8 0.23395 0.17055 0.09813 0.15221 -0.06340 -0.13581 -0.08174 0.01834
1 4 1 0.02361 0.01124 0.02361 0.05378 -0.01237 0.00000 0.03017 -0.04254
-1 4 5 -0.23518 -0.22034 -0.23518 -0.22793 0.01484 0.00000 0.00725 0.00759
0 2 2 0.70253 0.76183 0.37475 0.41524 0.05930 -0.32777 -0.28729 0.34659
0 4 9 -0.33167 -0.34289 -0.33167 -0.29287 -0.01122 0.00000 0.03880 -0.05002
2 3 6 -1.01400 -0.98310 -1.05404 -1.00402 0.03090 -0.04004 0.00998 0.02092
-1 2 8 -0.33930 -0.31801 0.12128 -0.30863 0.02128 0.46057 0.03067 -0.00939
-2 3 5 0.26403 0.27779 0.03216 0.19775 0.01376 -0.23187 -0.06628 0.08004
-2 4 4 0.43184 0.45212 0.43184 0.50301 0.02028 0.00000 0.07117 -0.05089
-1 1 10 -0.20492 -0.18915 -0.14442 -0.10132 0.01577 0.06051 0.10361 -0.08783
-1 3 5 0.11707 0.15124 0.15202 0.12539 0.03417 0.03495 0.00832 0.02585
-1 2 6 0.19145 0.22639 -0.15906 0.17458 0.03493 -0.35052 -0.01687 0.05180
-1 3 7 -0.17196 -0.15919 -0.34713 -0.18304 0.01276 -0.17517 -0.01109 0.02385
0 4 4 -0.57933 -0.52873 -0.57933 -0.61025 0.05060 0.00000 -0.03092 0.08152
-2 4 6 -0.00021 -0.00989 -0.00021 0.06497 -0.00968 0.00000 0.06519 -0.07487
2 3 1 0.25226 0.25184 0.70366 0.34263 -0.00042 0.45141 0.09037 -0.09079
0 1 9 -0.14465 -0.15283 -0.12276 -0.18313 -0.00818 0.02189 -0.03848 0.03030
0 2 6 0.27285 0.18456 -0.21029 0.14479 -0.08829 -0.48313 -0.12805 0.03977
0 4 13 -0.26484 -0.23498 -0.26484 -0.28249 0.02987 0.00000 -0.01765 0.04751
-2 2 4 0.50345 0.39677 0.97580 0.47039 -0.10669 0.47235 -0.03307 -0.07362
-1 3 9 0.28813 0.26435 0.19385 0.32766 -0.02377 -0.09428 0.03954 -0.06331
-2 1 2 -0.29848 -0.29231 -0.25251 -0.23902 0.00617 0.04597 0.05946 -0.05329
-1 4 4 0.93922 0.94751 0.93922 0.77828 0.00829 0.00000 -0.16094 0.16923
0 4 3 0.27273 0.28058 0.27273 0.29808 0.00785 0.00000 0.02535 -0.01750
2 3 7 0.07017 0.07555 -0.03070 0.15329 0.00538 -0.10087 0.08313 -0.07775
-1 2 2 1.12216 1.23020 1.12841 0.94944 0.10804 0.00625 -0.17271 0.28075
-1 3 11 0.46084 0.46974 0.43832 0.45944 0.00890 -0.02252 -0.00140 0.01030
-2 2 1 0.49825 0.52154 0.80716 0.42609 0.02329 0.30890 -0.07216 0.09545
2 4 9 -0.67895 -0.66299 -0.67895 -0.69041 0.01596 0.00000 -0.01146 0.02742
-2 4 2 -0.71441 -0.66710 -0.71441 -0.77781 0.04731 0.00000 -0.06340 0.11071
2 3 9 -0.19613 -0.19441 -0.24800 -0.18716 0.00172 -0.05186 0.00897 -0.00725
-1 1 11 0.12905 0.12883 0.11337 0.16691 -0.00022 -0.01568 0.03786 -0.03809
0 4 1 0.73908 0.73264 0.73908 0.71267 -0.00645 0.00000 -0.02642 0.01997
-1 3 6 0.25521 0.27396 0.18891 0.35705 0.01875 -0.06630 0.10185 -0.08309
1 2 7 -0.26159 -0.34076 -0.06744 -0.35143 -0.07917 0.19416 -0.08984 0.01067
-1 1 6 -0.47155 -0.46838 -0.27771 -0.42261 0.00316 0.19384 0.04894 -0.04577
0 2 4 -0.01523 0.12857 -0.22771 -0.14534 0.14380 -0.21248 -0.13011 0.27391
2 4 11 0.20336 0.20826 0.20336 0.18812 0.00489 0.00000 -0.01524 0.02014
-2 4 12 0.34202 0.35136 0.34202 0.42960 0.00934 0.00000 0.08757 -0.07823
2 3 11 0.51201 0.53467 0.44728 0.47100 0.02265 -0.06473 -0.04102 0.06367
2 3 12 0.01963 -0.01553 0.02004 0.13101 -0.03516 0.00041 0.11138 -0.14654
0 4 7 -0.55682 -0.52002 -0.55682 -0.55564 0.03680 0.00000 0.00119 0.03561
0 2 8 -0.06537 -0.15766 0.41395 -0.08509 -0.09230 0.47931 -0.01972 -0.07258
-1 4 11 0.23122 0.23223 0.23122 0.24278 0.00101 0.00000 0.01156 -0.01055
-1 1 4 0.05785 0.07838 0.09167 -0.00888 0.02053 0.03382 -0.06672 0.08726
2 4 13 0.54188 0.54101 0.54188 0.55047 -0.00087 0.00000 0.00859 -0.00946
-2 4 14 1.00466 1.00748 1.00466 0.84470 0.00282 0.00000 -0.15996 0.16278
-1 4 7 -0.30920 -0.32350 -0.30920 -0.35583 -0.01431 0.00000 -0.04664 0.03233
0 3 10 0.29883 0.32930 0.28844 0.31449 0.03048 -0.01038 0.01566 0.01482
0 3 5 -0.38717 -0.36155 -0.52968 -0.35934 0.02562 -0.14252 0.02783 -0.00221
0 4 5 -0.32151 -0.30712 -0.32151 -0.32530 0.01439 0.00000 -0.00379 0.01818
1 3 2 0.62464 0.67467 0.58272 0.59098 0.05003 -0.04191 -0.03365 0.08368
-2 2 6 -0.42455 -0.42255 0.17637 -0.49532 0.00199 0.60092 -0.07077 0.07277
-2 1 10 1.07769 1.09548 1.07088 1.15420 0.01779 -0.00681 0.07650 -0.05872
0 3 9 0.50900 0.43803 0.12118 0.33728 -0.07097 -0.38782 -0.17172 0.10075
-2 4 8 -0.24243 -0.25749 -0.24243 -0.20334 -0.01506 0.00000 0.03909 -0.05415
0 1 3 0.27742 0.28978 0.37992 0.35954 0.01236 0.10250 0.08212 -0.06976
0 3 8 -0.10674 -0.09806 -0.21089 -0.08006 0.00868 -0.10415 0.02668 -0.01800
-1 1 8 0.05501 0.04889 0.12409 0.16199 -0.00611 0.06909 0.10698 -0.11310
-2 3 7 -0.27379 -0.27267 -0.40274 -0.29597 0.00112 -0.12896 -0.02218 0.02330
-2 1 8 1.27450 1.25457 1.38997 1.34345 -0.01993 0.11547 0.06895 -0.08888
2 4 1 0.13486 0.16247 0.13486 0.11294 0.02761 0.00000 -0.02192 0.04952
-2 4 10 0.12881 0.10670 0.12881 0.11268 -0.02211 0.00000 -0.01613 -0.00598
0 1 5 0.15473 0.18135 0.20345 0.16990 0.02662 0.04872 0.01517 0.01145
2 1 10 0.02798 0.01608 0.11697 0.11728 -0.01189 0.08900 0.08931 -0.10120
1 1 2 -0.41751 -0.41696 -0.32781 -0.41200 0.00055 0.08970 0.00551 -0.00496
1 1 9 0.25798 0.26620 0.34487 0.38244 0.00822 0.08689 0.12447 -0.11625
-1 4 10 0.74740 0.72458 0.74740 0.69914 -0.02283 0.00000 -0.04826 0.02543
2 4 3 0.86628 0.84468 0.86628 0.91183 -0.02160 0.00000 0.04555 -0.06715
2 2 10 -0.10600 -0.19672 0.00401 -0.07913 -0.09072 0.11001 0.02687 -0.11759
-1 4 6 -0.90947 -0.88748 -0.90947 -0.88285 0.02199 0.00000 0.02662 -0.00464
0 3 12 0.39024 0.42122 0.28242 0.39007 0.03097 -0.10782 -0.00018 0.03115
1 2 1 0.35057 0.24929 1.27881 0.31899 -0.10128 0.92824 -0.03158 -0.06970
1 3 12 0.20865 0.22920 0.16989 0.22945 0.02055 -0.03876 0.02080 -0.00025
1 1 11 0.02110 0.03575 0.13475 0.14943 0.01465 0.11365 0.12833 -0.11368
-1 2 5 0.88221 0.79777 0.79417 1.00950 -0.08444 -0.08804 0.12729 -0.21173
-2 1 12 0.05342 0.06355 0.03460 0.09181 0.01012 -0.01883 0.03839 -0.02826
2 4 5 -0.20827 -0.20035 -0.20827 -0.23226 0.00793 0.00000 -0.02398 0.03191
2 2 8 0.04965 -0.01908 0.02380 0.01743 -0.06873 -0.02584 -0.03221 -0.03652
0 3 2 1.28560 1.27715 1.20250 1.29036 -0.00845 -0.08310 0.00476 -0.01321
-1 1 9 0.14150 0.10762 0.13238 0.06842 -0.03388 -0.00912 -0.07308 0.03919
-2 3 8 -0.15191 -0.13319 -0.27254 -0.21017 0.01872 -0.12062 -0.05826 0.07698
1 4 14 -1.00893 -1.06254 -1.00893 -0.95296 -0.05361 0.00000 0.05597 -0.10958
-2 2 7 -0.27646 -0.33598 0.04134 -0.47043 -0.05953 0.31780 -0.19397 0.13444
2 4 7 0.68783 0.70702 0.68783 0.66048 0.01919 0.00000 -0.02735 0.04654
2 1 4 0.63520 0.63975 0.73148 0.73783 0.00455 0.09628 0.10262 -0.09808
1 3 8 0.04760 0.07554 -0.04909 0.07808 0.02793 -0.09669 0.03047 -0.00254
1 4 12 -0.52986 -0.55315 -0.52986 -0.54305 -0.02329 0.00000 -0.01319 -0.01009
2 2 12 0.27685 0.19594 0.32961 0.31017 -0.08090 0.05277 0.03332 -0.11422
-1 4 1 0.38994 0.39007 0.38994 0.53342 0.00013 0.00000 0.14348 -0.14335
0 3 6 -0.10641 -0.11993 -0.26571 -0.19022 -0.01353 -0.15930 -0.08381 0.07029
1 2 2 0.84474 0.87264 0.82028 0.67351 0.02790 -0.02446 -0.17123 0.19913
2 3 2 0.77766 0.76795 0.80662 0.88268 -0.00970 0.02896 0.10503 -0.11473
1 1 1 1.04019 1.02464 1.06321 1.07464 -0.01555 0.02302 0.03445 -0.05000
-1 2 4 0.13339 0.12890 0.59036 0.12041 -0.00448 0.45697 -0.01298 0.00849
1 4 10 -0.92285 -0.85879 -0.92285 -1.05406 0.06406 0.00000 -0.13121 0.19527
2 2 2 0.36703 0.45269 0.48194 0.33497 0.08567 0.11491 -0.03206 0.11773
0 2 9 0.00730 0.02137 0.59599 -0.03866 0.01406 0.58868 -0.04596 0.06003
0 3 4 0.42831 0.41378 0.36428 0.46552 -0.01453 -0.06404 0.03721 -0.05174
-2 3 9 0.05085 0.03270 -0.08633 0.04356 -0.01815 -0.13718 -0.00729 -0.01086
1 1 3 0.78339 0.78439 0.82144 0.85510 0.00100 0.03805 0.07171 -0.07071
1 4 8 -0.52650 -0.53607 -0.52650 -0.63198 -0.00957 0.00000 -0.10548 0.09591
-1 1 2 0.03153 0.02514 0.15465 0.13266 -0.00639 0.12312 0.10113 -0.10751
0 2 11 0.46544 0.52628 0.54360 0.36298 0.06085 0.07817 -0.10246 0.16331
0 4 12 -0.30834 -0.33498 -0.30834 -0.23045 -0.02664 0.00000 0.07789 -0.10453
2 3 3 0.57037 0.55509 0.46214 0.56471 -0.01528 -0.10823 -0.00566 -0.00962
1 1 5 0.60123 0.62387 0.71868 0.64484 0.02264 0.11745 0.04361 -0.02097
2 1 1 1.06120 1.03908 1.16496 1.10961 -0.02212 0.10376 0.04841 -0.07054
1 4 6 -0.90773 -0.92953 -0.90773 -0.97986 -0.02180 0.00000 -0.07212 0.05032
2 2 6 -0.45628 -0.53011 -0.26540 -0.38352 -0.07383 0.19088 0.07276 -0.14659

