wheel station sector hw_x sw_x1 sw_x2 sw_x3 sw_dx13
2 1 2 1.83998 1.52138 -7.17468 2.21396 -0.69258
1 2 8 0.96032 -0.62710 -5.43060 2.45010 -3.07720
0 1 7 -3.19721 -3.32382 5.21398 -3.06866 -0.25517
1 1 7 -2.18849 -0.95303 -4.59106 -3.29006 2.33704
-2 2 3 -5.81409 -6.74678 -10.45105 -5.21368 -1.53310
1 4 4 -3.72742 -2.90176 -3.72742 -4.78561 1.88385
2 1 8 -0.43570 -0.05753 -5.74463 -0.77903 0.72150
0 1 11 -4.87695 -2.99882 -0.64047 -6.85181 3.85299
1 2 10 -4.67999 -4.44809 -6.65100 -4.95924 0.51115
-1 3 10 5.42452 5.17992 -4.52606 5.79618 -0.61626
1 2 5 -3.91023 -5.11686 -1.63452 -2.76793 -2.34893
-2 1 3 -5.81261 -6.24488 -11.59607 -5.36539 -0.87948
0 2 1 -1.70515 -1.63736 -2.84493 -2.06839 0.43102
-2 2 11 3.57195 6.63407 -9.06311 0.45771 6.17636
-2 3 2 -3.66688 -2.70235 -10.68237 -5.04324 2.34089
2 1 12 -5.27114 -4.39102 -9.29077 -6.22685 1.83583
0 2 3 6.85203 7.73168 2.15018 5.21564 2.51604
-1 4 3 2.24423 1.86978 2.24423 2.75163 -0.88185
-1 2 9 1.44835 0.87274 -6.24298 1.89761 -1.02487
-1 3 4 1.52596 1.99850 -9.86877 0.77736 1.22114
-2 2 2 -4.77415 -4.10094 -8.04749 -5.57602 1.47508
-2 4 5 3.31112 3.47223 3.31112 3.11632 0.35591
2 3 8 -1.18274 -0.91290 -5.84473 -1.50015 0.58726
0 2 5 6.82743 7.13116 -3.28016 6.46517 0.66599
0 4 8 0.86592 0.46417 0.86592 1.65869 -1.19452
-1 1 12 6.35914 6.35637 -5.15930 6.23157 0.12480
-1 2 7 5.52065 6.45594 -5.62500 4.42760 2.02833
-2 3 11 3.62293 4.29467 -6.22070 2.60056 1.69411
-2 3 6 6.68766 7.18010 -11.43799 6.16431 1.01579
-1 4 9 4.43225 5.68343 4.43225 2.56979 3.11364
-2 4 7 4.92401 5.10818 4.92401 4.76074 0.34744
0 1 8 -2.28297 -2.09370 -13.33258 -2.46065 0.36696
2 2 4 0.42679 0.45441 -6.01807 0.36293 0.09148
0 2 7 -3.55421 -3.75608 0.23951 -3.90753 0.15144
0 4 14 -5.81802 -5.17776 -5.81802 -6.73859 1.56082
-2 2 5 4.53772 5.72454 -12.46765 3.17617 2.54837
-1 3 8 4.78693 3.68110 -6.17889 6.28902 -2.60791
-2 4 1 0.52963 0.76668 0.52963 0.06317 0.70351
0 1 10 -2.86343 -2.88239 -1.63861 -2.80045 -0.08194
-1 4 2 2.38403 2.54824 2.38403 1.82138 0.72687
-1 2 3 -3.18940 -4.23520 -6.39465 -2.14084 -2.09436
-2 3 10 1.80202 1.28361 -12.48901 2.46483 -1.18122
-1 1 3 -3.28382 -4.53058 -6.73340 -1.67053 -2.86005
2 1 7 -2.94178 -1.91429 -3.46497 -3.97953 2.06524
-2 4 3 -2.93008 -3.72853 -2.93008 -1.81197 -1.91656
2 1 6 -4.57971 -3.59489 -6.73645 -5.58946 1.99457
0 1 12 5.73105 6.08083 -1.11783 5.42927 0.65155
0 4 2 1.13382 2.16435 1.13382 -0.31643 2.48078
1 3 7 -3.95008 -3.36535 -4.09302 -4.70436 1.33902
-1 2 1 0.69592 0.85611 -4.80347 0.28667 0.56944
-2 3 12 2.41598 2.38445 -9.01123 2.39766 -0.01321
-1 3 12 5.30019 5.85525 -3.89893 4.41668 1.43857
-2 1 1 -3.14987 -3.10364 -11.19934 -3.32829 0.22465
2 4 8 -3.84768 -3.52821 -3.84768 -4.48003 0.95182
-2 4 13 -0.93842 -1.17538 -0.93842 -0.85983 -0.31555
-1 1 1 2.06432 2.07687 -6.49231 2.04411 0.03277
2 3 10 -5.61203 -6.28515 -8.83423 -4.71504 -1.57011
1 3 10 -7.37480 -5.99983 -4.53247 -9.30357 3.30374
1 3 5 -4.64306 -5.27011 -1.77460 -3.84588 -1.42423
-1 1 7 3.19275 2.67391 -8.87543 3.69144 -1.01753
1 3 6 -7.12032 -7.10358 -3.09753 -7.19844 0.09485
2 3 4 -0.90120 -0.84112 -4.49707 -0.88190 0.04078
-1 4 13 3.45337 2.55371 3.45337 4.59610 -2.04239
1 3 3 1.22264 1.63051 -0.76385 0.58820 1.04231
2 4 10 -6.65588 -7.48550 -6.65588 -5.55710 -1.92841
-2 1 5 4.34045 4.27136 -10.71899 4.44280 -0.17144
1 4 2 -1.46069 -0.26145 -1.46069 -3.09169 2.83024
-2 4 9 0.17541 0.45343 0.17541 -0.19034 0.64377
0 3 3 3.88404 4.78914 2.52094 2.65837 2.13077
0 1 2 6.91569 6.66682 1.28526 7.18762 -0.52080
0 3 11 -7.30019 -7.13934 -0.44247 -7.55500 0.41567
-2 2 12 2.27971 1.70669 -10.01099 2.74903 -1.04234
1 3 1 -1.95692 -2.18536 -2.24487 -1.14353 -1.04183
-2 1 11 4.40653 4.47832 -8.04077 4.27378 0.20454
2 4 14 -4.27704 -3.50784 -4.27704 -5.69687 2.18903
-2 4 11 3.93554 7.52743 3.93554 -1.06453 8.59196
-2 1 6 5.24521 6.51031 -10.84717 4.02800 2.48231
0 1 4 -1.48304 -0.85705 -3.98235 -2.06654 1.20949
-1 3 1 0.33180 0.37767 -7.68402 0.18013 0.19754
-2 1 9 -1.45610 -2.13165 -7.45300 -0.74708 -1.38457
2 2 11 -5.07303 -3.65826 -7.19299 -6.38350 2.72524
0 1 6 -7.87493 -9.36185 -0.86617 -6.28774 -3.07411
2 1 11 -6.18679 -5.45595 -7.55798 -6.92328 1.46732
-1 4 12 3.89577 4.54343 3.89577 2.60978 1.93365
1 1 8 1.98593 2.39013 -2.34497 1.82789 0.56224
1 2 12 -4.78996 -5.80646 -5.70282 -3.62039 -2.18607
2 4 2 1.52195 1.88682 1.52195 1.07965 0.80718
2 2 9 -0.67620 1.05903 -6.75415 -2.23540 3.29444
1 2 6 -4.34422 -4.64056 -3.59314 -4.20989 -0.43067
2 1 9 -1.45791 -0.63791 -7.75574 -2.33916 1.70125
-1 2 11 7.65501 7.34313 -3.52814 7.82268 -0.47955
1 3 11 -6.30333 -5.49004 -6.14594 -7.32305 1.83301
1 1 10 -4.08081 -3.81908 -4.99390 -4.32281 0.50373
2 4 4 -0.44846 -0.12634 -0.44846 -0.87418 0.74783
-2 1 7 2.12425 1.61678 -12.06909 2.64275 -1.02596
-1 3 2 -1.11529 -1.14458 -7.30560 -0.98202 -0.16256
2 1 3 6.12203 5.87069 -5.96985 6.30828 -0.43758
2 4 6 -2.51841 -2.31265 -2.51841 -2.55714 0.24448
1 3 9 -2.13836 -1.59867 -3.48816 -2.84798 1.24931
1 1 12 -8.58513 -7.67501 -4.77753 -9.42287 1.74786
1 3 4 -1.84328 -1.11637 -1.13251 -2.89583 1.77946
0 3 1 -1.22759 -2.03024 -1.34839 -0.09895 -1.93129
0 4 10 -7.25677 -9.37943 -7.25677 -4.31290 -5.06653
1 4 13 -3.33557 -3.69034 -3.33557 -2.83417 -0.85617
-1 4 8 4.25283 3.66768 4.25283 5.19209 -1.52441
2 2 3 5.29384 6.54880 -5.57922 3.83729 2.71151
2 1 5 -4.08860 -5.22374 -5.06592 -2.88069 -2.34305
1 2 9 0.29170 -0.57533 -2.77557 1.18131 -1.75665
0 3 7 -3.93435 -3.53893 0.69942 -4.62399 1.08505
-2 2 10 1.47472 1.15559 -10.54199 1.52391 -0.36833
2 3 5 -4.40763 -4.39430 -5.91736 -4.44838 0.05409
1 2 3 3.70851 4.75929 -1.88660 2.58606 2.17322
1 4 11 -11.09057 -12.39025 -11.09057 -9.19702 -3.19322
2 2 1 -1.34018 -0.85344 -5.92957 -1.94458 1.09114
-2 1 4 -2.59274 -2.18197 -10.94299 -2.98138 0.79941
-2 3 3 -3.77011 -4.39134 -9.78149 -2.85486 -1.53647
0 4 6 -8.46105 -8.16833 -8.46105 -9.12273 0.95440
1 4 9 -2.59969 -2.35937 -2.59969 -2.98312 0.62376
1 2 11 -3.88484 -4.08684 -5.49042 -3.68216 -0.40468
2 2 7 -4.50386 -5.10235 -4.88586 -4.42968 -0.67266
0 2 10 -2.00186 -2.01763 -2.45071 -2.10001 0.08238
1 2 4 -0.13329 1.17792 -2.03278 -1.66454 2.84246
-1 4 14 5.17151 5.76767 5.17151 4.38766 1.38000
1 1 4 -0.31582 -0.99022 -1.47186 -0.22972 -0.76050
1 4 7 -4.34288 -3.54836 -4.34288 -5.71579 2.16743
2 2 5 -2.07391 -0.35305 -7.27417 -3.84595 3.49291
0 2 12 5.89130 7.10502 -1.43614 4.54984 2.55518
0 1 1 -0.93296 -1.24516 -2.14488 -0.73410 -0.51105
-2 2 9 0.35830 -0.81775 -9.53491 1.45615 -2.27390
1 1 6 -4.21621 -4.15306 -2.08893 -4.35413 0.20107
1 4 5 -4.87708 -2.85445 -4.87708 -8.19182 5.33738
-1 1 5 4.63133 4.79816 -7.00439 4.44717 0.35099
-2 3 4 -0.99693 -0.50959 -12.27783 -1.78497 1.27539
-1 2 12 5.29562 6.13312 -3.71918 4.35876 1.77436
-2 3 1 -1.85080 -2.72535 -8.35083 -0.51010 -2.21525
1 4 3 -1.72672 -1.54959 -1.72672 -1.76326 0.21368
2 4 12 -5.94590 -6.38520 -5.94590 -5.33129 -1.05391
0 4 11 -8.13246 -7.90001 -8.13246 -8.45607 0.55607
-1 2 10 4.47760 3.87007 -2.14539 4.73804 -0.86798
-1 3 3 -1.11462 -1.44477 -6.12091 -0.64492 -0.79985
-2 2 8 -0.38588 -0.37053 -9.30054 -0.56461 0.19408
1 4 1 -4.58496 -4.34013 -4.58496 -4.79820 0.45807
-1 4 5 6.48702 6.75683 6.48702 6.14943 0.60740
0 2 2 6.38344 6.85031 1.57516 4.97376 1.87654
0 4 9 2.36767 6.54599 2.36767 -3.39547 9.94146
2 3 6 -5.79679 -4.53613 -4.17419 -7.50880 2.97267
-1 2 8 2.21109 2.46049 -6.42792 1.86528 0.59521
-2 3 5 4.63487 5.06643 -9.85168 3.73210 1.33433
-2 4 4 1.18027 1.80786 1.18027 0.22247 1.58539
-1 1 10 3.18317 3.46630 -2.06055 2.77767 0.68863
-1 3 5 5.24802 6.47320 -8.18573 3.52077 2.95243
-1 2 6 5.19567 5.61781 -3.50830 4.82286 0.79495
-1 3 7 7.44745 7.25224 -5.33539 7.75644 -0.50421
0 4 4 4.66660 6.15891 4.66660 2.56729 3.59161
-2 4 6 5.60217 6.18545 5.60217 4.88116 1.30429
2 3 1 -0.01785 0.26003 -7.61536 -0.36898 0.62901
0 1 9 -1.56268 -1.57599 0.10644 -1.53481 -0.04118
0 2 6 -7.86006 -8.15759 0.25891 -8.00757 -0.15002
0 4 13 4.32358 4.96552 4.32358 3.37784 1.58768
-2 2 4 -2.59296 -4.73637 -12.50610 -0.54602 -4.19035
-1 3 9 4.32473 3.67394 -4.43268 5.12591 -1.45198
-2 1 2 -6.08330 -5.72782 -10.90210 -6.51910 0.79128
-1 4 4 5.11246 4.58130 5.11246 5.81894 -1.23764
0 4 3 1.12041 1.46925 1.12041 0.75281 0.71645
2 3 7 -3.80552 -3.64489 -6.02478 -4.07837 0.43348
-1 2 2 -2.64095 -1.04948 -8.83759 -4.44838 3.39889
-1 3 11 6.87780 7.12919 -5.06836 6.67153 0.45766
-2 2 1 -3.60817 -3.06715 -7.21130 -4.10320 1.03605
2 4 9 -2.15419 -2.61757 -2.15419 -1.55192 -1.06565
-2 4 2 -1.24317 -1.18900 -1.24317 -1.59869 0.40969
2 3 9 -2.85153 -2.12264 -7.17896 -3.91310 1.79046
-1 1 11 7.59380 7.73482 -5.58197 7.46930 0.26553
0 4 1 2.07108 1.31584 2.07108 3.49876 -2.18292
-1 3 6 10.55868 11.17137 -6.68610 9.61890 1.55247
1 2 7 -3.17129 -4.39606 -0.73120 -2.15685 -2.23921
-1 1 6 4.94616 6.23527 -7.19360 3.64558 2.58969
0 2 4 0.12043 -0.11997 -1.08038 0.10418 -0.22415
2 4 11 -8.06466 -6.45699 -8.06466 -10.39462 3.93763
-2 4 12 1.24702 1.52427 1.24702 0.29634 1.22793
2 3 11 -6.23482 -5.41508 -6.29944 -7.43037 2.01529
2 3 12 -4.11331 -3.92131 -6.89697 -4.37306 0.45175
0 4 7 -4.73930 -4.25728 -4.73930 -5.16998 0.91270
0 2 8 0.01875 0.31037 -14.06588 -0.24858 0.55895
-1 4 11 8.44360 10.89538 8.44360 5.05246 5.84292
-1 1 4 -0.49797 0.10277 -8.45795 -1.08284 1.18561
2 4 13 -0.54581 -1.15463 -0.54581 0.27588 -1.43051
-2 4 14 1.08093 1.90018 1.08093 -0.11826 2.01843
-1 4 7 7.44080 7.15111 7.44080 8.03162 -0.88051
0 3 10 -5.65001 -4.76351 -0.18411 -7.00712 2.24361
0 3 5 7.80883 8.56235 -4.23825 6.64929 1.91306
0 4 5 7.77016 8.07109 7.77016 7.42430 0.64679
1 3 2 2.42454 2.78550 -2.11914 1.88557 0.89993
-2 2 6 6.01996 5.28246 -12.89978 6.49464 -1.21218
-2 1 10 0.97069 1.91479 -9.84192 0.03513 1.87965
0 3 9 1.58337 1.62961 -0.88436 1.91994 -0.29034
-2 4 8 1.77991 2.09709 1.77991 1.40316 0.69393
0 1 3 7.35363 7.11781 0.58975 7.55365 -0.43585
0 3 8 0.11746 0.35385 -0.59267 -0.31388 0.66773
-1 1 8 0.23120 -0.15797 -5.72662 0.62932 -0.78729
-2 3 7 4.91922 4.61845 -10.48950 5.41656 -0.79811
-2 1 8 -2.47734 -2.45489 -21.74133 -2.46049 0.00560
2 4 1 -1.91734 -1.78139 -1.91734 -2.00417 0.22278
-2 4 10 2.92221 3.32199 2.92221 2.39899 0.92300
0 1 5 6.34343 7.28220 -2.18891 5.09649 2.18571
2 1 10 -5.84084 -5.16811 -8.92273 -6.47945 1.31134
1 1 2 3.54494 3.06606 -4.28925 3.95639 -0.89033
1 1 9 -0.24415 0.24522 -2.43805 -0.71797 0.96319
-1 4 10 5.49942 6.40442 5.49942 4.03732 2.36710
2 4 3 2.07497 1.91801 2.07497 2.29107 -0.37306
2 2 10 -4.29914 -6.51134 -9.22668 -2.04660 -4.46474
-1 4 6 6.81456 7.34551 6.81456 6.21944 1.12607
0 3 12 6.76778 7.01863 1.84106 6.38084 0.63779
1 2 1 -2.16812 -3.16427 -7.56226 -1.71671 -1.44756
1 3 12 -7.05354 -6.63873 -3.90991 -7.73090 1.09217
1 1 11 -7.56456 -7.35348 -4.58984 -7.79400 0.44052
-1 2 5 3.81298 3.67028 -5.04913 3.68471 -0.01443
-2 1 12 2.23692 2.01212 -10.03906 2.51022 -0.49810
2 4 5 -3.68815 -4.30386 -3.68815 -2.81001 -1.49386
2 2 8 0.25336 -1.61075 -6.30554 2.23222 -3.84297
0 3 2 3.99678 4.16454 2.34103 3.80320 0.36134
-1 1 9 -0.04054 -0.80028 -4.19189 0.63702 -1.43730
-2 3 8 1.70483 2.50154 -10.20569 0.42332 2.07823
1 4 14 -7.20032 -7.85095 -7.20032 -6.37955 -1.47141
-2 2 7 3.49371 2.37686 -13.01880 4.41383 -2.03697
2 4 7 -5.08240 -3.88580 -5.08240 -6.73447 2.84866
2 1 4 -0.41241 -0.71823 -5.39673 -0.06393 -0.65430
1 3 8 -0.76872 0.03365 -3.07159 -1.94638 1.98003
1 4 12 -8.55685 -8.79909 -8.55685 -8.12769 -0.67140
2 2 12 -3.69987 -5.10987 -13.19641 -2.17289 -2.93698
-1 4 1 3.39851 3.39172 3.39851 3.63190 -0.24017
0 3 6 -7.79795 -8.16167 -10.43298 -7.41227 -0.74940
1 2 2 3.57435 4.46558 -2.34039 2.46233 2.00325
2 3 2 4.59626 4.09147 -5.43152 5.30458 -1.21311
1 1 1 -1.44672 -1.40511 -3.71582 -1.42143 0.01633
-1 2 4 -0.76387 -1.40041 -7.60040 -0.19911 -1.20131
1 4 10 -8.58643 -8.41507 -8.58643 -8.81149 0.39642
2 2 2 4.99518 6.46834 -6.00342 3.65242 2.81592
0 2 9 0.00841 0.04577 -13.11548 -0.26578 0.31155
0 3 4 1.51930 1.25843 -3.96830 1.96579 -0.70736
-2 3 9 1.98574 0.99025 -5.04578 3.35854 -2.36829
1 1 3 4.53877 4.66356 -0.28625 4.51874 0.14482
1 4 8 -4.67307 -4.35923 -4.67307 -4.32280 -0.03643
-1 1 2 -3.74154 -3.58501 -6.76666 -3.82949 0.24448
0 2 11 -4.43862 -4.90661 -1.32381 -3.94458 -0.96203
0 4 12 6.88576 7.81071 6.88576 5.61393 2.19678
2 3 3 6.47835 6.61234 -6.22742 6.37025 0.24209
1 1 5 -4.44711 -5.18885 -3.44574 -3.67417 -1.51468
2 1 1 -1.60583 -2.21668 -3.74756 -0.99678 -1.21990
1 4 6 -6.79293 -6.75357 -6.79293 -6.75917 0.00560
2 2 6 -4.11888 -5.15963 -5.36194 -3.06229 -2.09734

